 -0.00002791570844391  0.00425796668659100  0.01269420213610757  0.02167592448866327
  0.03069531071916564  0.03962429066067303  0.04834008285810104  0.05690478162797184
  0.06520988107600560  0.07332592090018533  0.08115484540389793  0.08892586589299008
  0.09663335964539022  0.10434810721093049  0.11181951855549667  0.11930221023512820
  0.12670143993434854  0.13390485821536477  0.14105788590499180  0.14818293944663383
  0.15523736877065764  0.16216749528126956  0.16904869965437624  0.17600997738943391
  0.18284032384170937  0.18958039227867099  0.19622718481557228  0.20287821387050425
  0.20962966716869558  0.21647750954166073  0.22326334489435595  0.22999254852192197
  0.23669951556688232  0.24335010449063313  0.25008380805793906  0.25696806380783782
  0.26388420991795658  0.27073226184582472  0.27749228718653324  0.28422307613497172
  0.29091160257434956  0.29753028864590375  0.30429827422633859  0.31117945393790525
  0.31815435508463735  0.32510904357908155  0.33192246163583727  0.33868384909888466
  0.34540217428579295  0.35207976939654129  0.35880812635640408  0.36561817176361561
  0.37266168021855928  0.37990997952514505  0.38724552413558960  0.39461984127972388
  0.40194253412263009  0.40931241468656487  0.41672925722662413  0.42420992055634998
  0.43172304027073555  0.43925392314819728  0.44687436233843936  0.45476741780986157
  0.46305313328503900  0.47158144052570028  0.48000464892926675  0.48845477998752801
  0.49702258646832786  0.50569713859586007  0.51455515739626956  0.52341134319335358
  0.53235357900896918  0.54116742422836850  0.55041029287745280  0.56034813846858533
  0.57088340825028772  0.58174935205674128  0.59293904154988630  0.60439423960750638
  0.61616008464076399  0.62818270203837989  0.64042546789587718  0.65282146234284733
  0.66532989874539261  0.68017591724403426  0.69693746922690181  0.71467905118524544
  0.73342283073677983  0.75335750383642142  0.77492226724933788  0.79823474997434052
  0.82674972192838980  0.86607404650366082  0.91946413453329190  1.00000000000000000
 -0.00306005007716056  0.01119947588792966  0.02296012370173710  0.03441421815342584
  0.04532664574642507  0.05593020265048623  0.06564512506285641  0.07481663390119327
  0.08409980036988171  0.09388674468129579  0.10379776496254865  0.11388477822149035
  0.12353009987198835  0.13350255950474987  0.14358561542047565  0.15335637709572592
  0.16309667678220860  0.17348806772200931  0.18387998864935573  0.19622391431770220
  0.20871659430031686  0.22099485890336931  0.23245634227212239  0.24324962184071197
  0.25396469922575238  0.26462806848808934  0.27531114058412059  0.28628289267757401
  0.29766869235138765  0.30933913912649241  0.32083025104914942  0.33168223865481899
  0.34197186236597649  0.35195414767532962  0.36194322913231847  0.37208928757124365
  0.38250288076263206  0.39317519089627034  0.40429730429990873  0.41575187598105673
  0.42723654125546540  0.43811660171841987  0.44801670609740951  0.45774333344780271
  0.46758001034520508  0.47754986151630063  0.48772659248660344  0.49792688328421680
  0.50824512593003102  0.51866530003089850  0.52900752615287605  0.53952138906591862
  0.55003246516212334  0.56076057778339938  0.57171582004960075  0.58295611564130645
  0.59480074029858532  0.60628362930861934  0.61729014278624006  0.62779539064820755
  0.63793686769419300  0.64788070397092756  0.65778036532043982  0.66781802247593991
  0.67808368588315182  0.68840730292859709  0.69890732914114784  0.70920361696628376
  0.71911589694583944  0.72901190635757529  0.73896858300542156  0.74921233152850253
  0.75944781468675560  0.76954335505098603  0.77936905749763985  0.78921209664290659
  0.79972882577456983  0.81042382582703676  0.82044084328615474  0.83017899749357593
  0.83999202766815062  0.84947702805549752  0.85927136147221173  0.86923599614526847
  0.87966727764637132  0.89036175567342113  0.90066328393992423  0.91154212915821087
  0.92191752042887332  0.93222364359250909  0.94259215290942300  0.95357644714156675
  0.96471561476038958  0.97605753018576202  0.98798087274745272  1.00000000000000000
 -0.00283943786689785  0.01062568166955920  0.02151037205747192  0.03229096807634479
  0.04304699802176577  0.05441614038722022  0.06602002641564975  0.07754193736006859
  0.08903892656095140  0.10044708128644785  0.11189626680290987  0.12325653216002512
  0.13409096819941740  0.14435406810295270  0.15408852831649772  0.16364285926613537
  0.17303690521635534  0.18257797774681128  0.19233912702519446  0.20205050268179384
  0.21175385800941671  0.22226900558943941  0.23298242153636028  0.24398615106004246
  0.25452394418477170  0.26484438980791125  0.27490287352201154  0.28473216052557598
  0.29496010706788039  0.30520706271656040  0.31562852327332414  0.32586656932074731
  0.33641764312774791  0.34676539886840080  0.35703492028303885  0.36727626608384872
  0.37804667641490353  0.38986564526527145  0.40128632191654046  0.41224257833213529
  0.42243087107752514  0.43219056136661593  0.44171788463803041  0.45128215372463609
  0.46101348849092033  0.47099619026646017  0.48083589786632625  0.49029184811714416
  0.49950171219293216  0.50896151935863343  0.51868192993898909  0.52932055900894659
  0.54025789949328584  0.55197246285649992  0.56410863983953974  0.57494758553029612
  0.58584776142300843  0.59643065498065184  0.60683360763856775  0.61708916487274734
  0.62756692362326916  0.63917006842490098  0.65065911773479479  0.66214032737569384
  0.67314557017891841  0.68374095361526543  0.69407510165642250  0.70449594619029510
  0.71469389095473168  0.72482995927228011  0.73586151651746290  0.74793646278460302
  0.75847482424068025  0.76935963557698528  0.77882999481169279  0.78832776136409111
  0.79772370607627285  0.80766706998358861  0.81777277322634589  0.82812888728610456
  0.83857471956172647  0.84999076911853433  0.86110560107132039  0.87236274096042976
  0.88307213876079338  0.89367337046079753  0.90535202529096126  0.91701649543157915
  0.92747336050912343  0.93775006485580858  0.94849861467043384  0.95911737190489688
  0.96892288152869677  0.97871736693629940  0.98929140201991606  1.00000000000000000
 -0.00222846417812155  0.01007862635661427  0.02055139288066365  0.03121231262527337
  0.04175576666059881  0.05323998677759247  0.06445102577089158  0.07571677229948522
  0.08760023500913364  0.10004806019818724  0.11144673224281001  0.12209474800898333
  0.13251261255731533  0.14295837607458051  0.15302892806011412  0.16283957096073431
  0.17289178513750428  0.18325796460462712  0.19383951296192353  0.20440920101652765
  0.21500635362744136  0.22576900353317952  0.23656210077804707  0.24764916348377822
  0.25794136115881816  0.26796439949312423  0.27771758163617732  0.28724913317811640
  0.29671321677513474  0.30623829669944980  0.31594495108410753  0.32606457756549689
  0.33612705807997040  0.34674801899427504  0.35729475377399755  0.36753658986131532
  0.37785683743235082  0.38858985582673489  0.39959806812727761  0.41015151113873866
  0.42100527491267675  0.43235462990908413  0.44416462235855808  0.45620416164002986
  0.46775519391168313  0.47915418154931350  0.49006760700318913  0.50055048081527997
  0.51042557864979532  0.52012575684501972  0.52963999175288434  0.53920779568419230
  0.54889005720144490  0.55868449505884077  0.56841252125183017  0.57802334944849232
  0.58804328624073066  0.59841202728463416  0.60873915528930678  0.61912545965427535
  0.62963530569435688  0.64010215949667515  0.65051298821171433  0.66103870793492170
  0.67170454443927130  0.68241104961875509  0.69319926934948650  0.70425575160206277
  0.71489801571750988  0.72517291654251481  0.73581685623100979  0.74643856624930527
  0.75724154519875142  0.76806189630300759  0.77926609529345847  0.79068146122598748
  0.80144210110217895  0.81217668485870487  0.82297344049923338  0.83389418172532903
  0.84517984344442676  0.85622576797749161  0.86646923581260038  0.87657028288155936
  0.88662914341838717  0.89697341981941558  0.90719390240784725  0.91750881825815356
  0.92828147707183772  0.93899111103814237  0.94992863279421325  0.96043219461100227
  0.97034009561069279  0.98008330733089588  0.98989727696067742  1.00000000000000000
 -0.00199375432019812  0.00917902419333059  0.01882391164781749  0.02829262826211621
  0.03830829259611632  0.04858990463457907  0.05908413924285828  0.06952627323274027
  0.07997390965745653  0.09071660420833544  0.10157823892358323  0.11225454418351918
  0.12230564290081838  0.13252510341763324  0.14261007048754354  0.15266223695600412
  0.16253429933936694  0.17235485524136962  0.18235816273232491  0.19305181759824849
  0.20498540287878342  0.21665458418987871  0.22759751672547890  0.23793664476326359
  0.24810250997200017  0.25819019035373247  0.26889460453016628  0.28042020899636572
  0.29319500068306564  0.30454911885929592  0.31605941039540675  0.32834807409502059
  0.33960904234641942  0.35111545202191641  0.36124810901368104  0.37147886030615079
  0.38157604241385540  0.39172206526295694  0.40153614447797242  0.41110774915150317
  0.42093622635718259  0.43199770369032764  0.44335545406573224  0.45487179585863036
  0.46542635954631928  0.47558747069458951  0.48578835048503977  0.49562651597289975
  0.50533579948557861  0.51469624294513638  0.52411899448046173  0.53355014469439266
  0.54339359887706618  0.55387805147010660  0.56456530123153359  0.57581252385960557
  0.58676158637395248  0.59785247693694710  0.60933325827067941  0.62140257084499795
  0.63239956016890120  0.64286675826029305  0.65318928006517463  0.66323280759273273
  0.67362999891236264  0.68459250015088813  0.69629583083693192  0.70757434900115723
  0.71863789103797204  0.72967288562147103  0.74045906684037632  0.75093868447115264
  0.76118290552531864  0.77125627179933132  0.78118189348366507  0.79093926957537919
  0.80066080517986893  0.81047789393322167  0.82097429102529929  0.83218479959692337
  0.84366548693237886  0.85505899303785038  0.86553219772220591  0.87566180422938023
  0.88526079990231576  0.89509942337395521  0.90500396049693788  0.91499311358628099
  0.92536284923863343  0.93551027708153123  0.94558931872055174  0.95580000541104071
  0.96644074435710536  0.97759480598456605  0.98867293351798635  1.00000000000000000
   5.8679697710433233E-036  -1.0000000000000000     
 T F T F T F T F T F T F T F T F
