 -0.00000023882401675  0.00011409382520268  0.00050029998747897  0.00121453636864942
  0.00226797882988470  0.00361210325984641  0.00524046186758502  0.00710571574495050
  0.00918734091239622  0.01147967988761079  0.01398383383611822  0.01668977159250529
  0.01966662336690826  0.02284912962757963  0.02622682300511399  0.02970614333433599
  0.03323915301387564  0.03693180071595314  0.04094424652267693  0.04512530707891541
  0.04943275043635262  0.05388252956448383  0.05829031134893731  0.06292377433675037
  0.06754135848992415  0.07245124225122314  0.07736895095073498  0.08240818105140427
  0.08752906297710160  0.09275764555180771  0.09804994495597825  0.10336436428577844
  0.10890507242156483  0.11444094444940653  0.12001907049266455  0.12578005018480223
  0.13163982670189447  0.13758630500431643  0.14377630023839755  0.15012482531858717
  0.15647423072760275  0.16274070134694901  0.16935513864143800  0.17584037693580945
  0.18226940012998985  0.18875783866325183  0.19545862481279205  0.20248225726820951
  0.20959910109514163  0.21666325335534517  0.22378511838267742  0.23093998749005523
  0.23816340878927039  0.24535270270689857  0.25266291559293680  0.26030082676854310
  0.26818268667272449  0.27640472821368228  0.28473135157718188  0.29318044166467572
  0.30170769817988052  0.31030207891859513  0.31896535804272363  0.32755082205035124
  0.33621354483787524  0.34498530365702446  0.35437435039741905  0.36432132422127428
  0.37444810230223019  0.38443632071972206  0.39457039709440384  0.40488940022591008
  0.41560527812111203  0.42661990404268518  0.43776106480622273  0.44898824069872867
  0.46028875184317708  0.47263058983807071  0.48561507948676363  0.49900664387247190
  0.51270932172826056  0.52662844579271784  0.54139605710355043  0.55724987607664966
  0.57430692196295463  0.59223290799681638  0.61067059229698362  0.63002770016322041
  0.65281329927273202  0.67764872960315126  0.70480016767011433  0.73347539944554485
  0.77207018789606041  0.81910255469453530  0.88827660108800555  1.00000000000000000
 -0.00289285884769553  0.01043668070666711  0.02153489343055065  0.03264756513367290
  0.04307454783797855  0.05311779847686995  0.06318966154951546  0.07329821841046223
  0.08401638291484900  0.09504348652634230  0.10578553474026077  0.11621768032635184
  0.12654196794249592  0.13720047420745829  0.14790600658076372  0.15791326788279694
  0.16766017024213475  0.17724278122641268  0.18648523161215463  0.19633007481756209
  0.20618337177716176  0.21730959004693715  0.22811280234531656  0.23937133277380357
  0.25051876929114708  0.26163623561624727  0.27298935043543993  0.28453020349673974
  0.29592094236994826  0.30709237130928646  0.31792051118046577  0.32849907528980365
  0.33891289529232577  0.34923146445946801  0.35945884754587548  0.36976032737431364
  0.38020094018656420  0.39121014280861888  0.40248755340398690  0.41412055556844424
  0.42576171179462852  0.43699892285054476  0.44807401270051417  0.45940507937976705
  0.47055051502515316  0.48085967910345767  0.49036576700601753  0.49967525978445820
  0.50897350948372944  0.51835909397948376  0.52804103876708774  0.53798026754241146
  0.54843554069830769  0.55929590054685996  0.57011718624481245  0.58066424196502031
  0.59096620133284228  0.60126521203280925  0.61166520023960924  0.62253998885799178
  0.63420071954800161  0.64658543494007814  0.65918765871951968  0.67121486915848494
  0.68257415389611198  0.69361671358916865  0.70453086749810534  0.71507955548044644
  0.72537339095083742  0.73562444083163891  0.74578519200635607  0.75604222951379096
  0.76626384967075367  0.77641509614512705  0.78638748943790981  0.79650280850014332
  0.80635465629666958  0.81623983200331685  0.82592624709224549  0.83594247001778788
  0.84621168179242667  0.85670187823892618  0.86722987761368897  0.87760548739653688
  0.88750707671909423  0.89747896637637370  0.90773889341120262  0.91861130928077950
  0.92890476843354719  0.93903273116474595  0.94898317570054702  0.95941149048879515
  0.96939749222506211  0.97943306871335001  0.98951365384476642  1.00000000000000000
 -0.00178674821554529  0.00940320884443560  0.01926898545266783  0.02929870740827211
  0.03952922579589355  0.04956857649474530  0.06065339795698193  0.07180261823605931
  0.08293085886978462  0.09321156428365357  0.10351476377470385  0.11360721671377136
  0.12438845231615112  0.13568925592807238  0.14711448832275600  0.15796405931035520
  0.16850516140671021  0.17862386589235779  0.18877613790100531  0.19883675117909719
  0.20886760529429177  0.21865696174477742  0.22833621834978818  0.23845147316044349
  0.24888711830853866  0.25912385428076284  0.26921777203128550  0.27936680634532512
  0.28992872536422482  0.30095410224080421  0.31230680382854459  0.32346633287313120
  0.33470330281553673  0.34586538075335910  0.35717493463470107  0.36798728471748005
  0.37907419579442653  0.39010669037114348  0.40109081815420800  0.41146033127048970
  0.42198627476029543  0.43286788425196260  0.44370497987251001  0.45402999845941244
  0.46392519314253977  0.47350012327569219  0.48316176454360227  0.49239919293236956
  0.50184266011462253  0.51186901028413034  0.52192035411982052  0.53208982106003111
  0.54270023811977131  0.55409941035339494  0.56548151650455580  0.57644674659543504
  0.58748632684450908  0.59895174536331663  0.61063715020571874  0.62225351152983688
  0.63367428512022173  0.64494822595594981  0.65551437592400397  0.66581060039047169
  0.67581628811683636  0.68606372621166667  0.69598146270340033  0.70604728718237297
  0.71644182578848759  0.72753142087179612  0.73835189309994176  0.74936597635984992
  0.76044204229438450  0.77219149600082337  0.78353304195902573  0.79443137783310680
  0.80476687208307773  0.81537751664954439  0.82557445149624598  0.83562886560821770
  0.84521575095169987  0.85527559004954279  0.86584707705987984  0.87627794353491473
  0.88625822362225704  0.89634508586058992  0.90710546212233689  0.91809330185617954
  0.92896208172501649  0.93971945258428480  0.95106068230824969  0.96171497832991770
  0.97186307444875542  0.98161215546152214  0.99092595610855427  1.00000000000000000
 -0.00266425087111227  0.01043190722022578  0.02074565093507874  0.03153517903114984
  0.04198983848614154  0.05229913249514000  0.06264636704978895  0.07320823230312196
  0.08372454484936272  0.09399224682005509  0.10428648722884799  0.11455757300551150
  0.12460581739569916  0.13450470091609085  0.14452643220156147  0.15442947185493092
  0.16424009623987385  0.17392952152608221  0.18360757040564415  0.19397155408666300
  0.20469565448620744  0.21481096882054579  0.22447387821821749  0.23442310277344905
  0.24471916709610173  0.25504363624567017  0.26509764169751254  0.27517115459390412
  0.28559668772190627  0.29583987817537744  0.30569390546628694  0.31547218623789408
  0.32522730191597721  0.33538138280852997  0.34591150658458314  0.35646515525902772
  0.36669065369219001  0.37699133848754168  0.38738295518726845  0.39768572663878904
  0.40807506625872841  0.41899640742356548  0.43010453986519498  0.44096614873095680
  0.45175439999426198  0.46260458881108391  0.47373039767582703  0.48419114105626676
  0.49475541800507711  0.50525747690098910  0.51613477931728180  0.52690448218667907
  0.53751643709600694  0.54788569455071712  0.55849376122563521  0.56938073550102708
  0.58026969323145672  0.59082761866936284  0.60108993812879197  0.61180744217254734
  0.62248901982004690  0.63312244893250036  0.64368244471287828  0.65426564242717244
  0.66476105323677204  0.67486413375665544  0.68445945124129903  0.69420209811549638
  0.70410509236204044  0.71425323653002104  0.72419159732473048  0.73419108472669181
  0.74446351322682502  0.75465881949921465  0.76478087731510014  0.77491937236084196
  0.78578774842369314  0.79673910379639146  0.80821548665481813  0.82007908329569335
  0.83166643830355602  0.84268699804941982  0.85359139954170193  0.86491919720106836
  0.87630360301130350  0.88792680156596060  0.89974391514424135  0.91191923903337302
  0.92372700140527930  0.93535036386588055  0.94665664301500108  0.95736644522940106
  0.96816096881944047  0.97855162891526137  0.98950639151234843  1.00000000000000000
 -0.00251885563104999  0.00960409873250517  0.01949542804043944  0.02987139899527781
  0.04064644266619964  0.05157841010480546  0.06197809282925409  0.07205284093332777
  0.08224932904688052  0.09247400740039929  0.10286988107376201  0.11398207897905516
  0.12544514199905621  0.13708263700762388  0.14815233643580492  0.15856641752755971
  0.16858669651195568  0.17817943220327040  0.18841278104932077  0.19883288364112994
  0.20966312982614091  0.22085806822358914  0.23184330332102765  0.24249220416548362
  0.25288224758948175  0.26301084804248831  0.27312195429116415  0.28264952695158430
  0.29218093511467191  0.30228603947268479  0.31233381201891769  0.32335621501809142
  0.33409624355353573  0.34569553380811480  0.35670253788666684  0.36716283935860700
  0.37740669590406012  0.38734636051274968  0.39740953342806573  0.40723173561650466
  0.41708122281663501  0.42779415514000962  0.43902328897685339  0.45044443612131763
  0.46154019666273527  0.47262501533785778  0.48373014597128833  0.49476807445761395
  0.50567938246440647  0.51641661458590238  0.52726602720268023  0.53786864964205794
  0.54880512004356152  0.55933377275670504  0.57008078279249408  0.58036861931262196
  0.59111786178773018  0.60210898135415758  0.61283854272176508  0.62348908467929121
  0.63349136528050920  0.64343326688385782  0.65377096176736127  0.66424776490122195
  0.67495812230888252  0.68538955377803212  0.69667811984947270  0.70796675749302396
  0.71867052658327579  0.72922606837564219  0.73966488950373088  0.75015407105905818
  0.76028849567735679  0.76988011235566312  0.77929149656468244  0.78852981266769817
  0.79816816657743928  0.80794568421148316  0.81831841970537955  0.82934568793837560
  0.84035870618023689  0.85072509077653347  0.86058076505998293  0.87078426424083188
  0.88126756412015061  0.89236746256791166  0.90299365522291142  0.91411527662023562
  0.92514146124061070  0.93693390126451170  0.94823748920499951  0.95980541072093284
  0.96975966508918454  0.98008524138939512  0.99003177663822894  1.00000000000000000
   5.1142360890516475E-021  -1.0000000000000000     
 T T T F T T T F T T T F T T T F
