  0.06258940265398866  0.08042144290410798  0.09025524817510411  0.09771190923007265
  0.10437368492185559  0.11063896842705974  0.11670747477210155  0.12245308149413760
  0.12804795271824060  0.13348516520055051  0.13880182762892374  0.14408429947125928
  0.14939945403558438  0.15466320732339642  0.15982227522539594  0.16488820664612253
  0.16998461091059613  0.17511112810601939  0.18027609209711887  0.18548313137600406
  0.19065925156787494  0.19581999743094344  0.20092682792230993  0.20605581283599630
  0.21118351185825135  0.21634665326686947  0.22153319784028438  0.22674303448860664
  0.23195958882295661  0.23720876906107674  0.24249167693413423  0.24781777710052144
  0.25319252360569916  0.25860076577364599  0.26403941524238933  0.26951810417928607
  0.27503283006321577  0.28058012739906246  0.28617464767417594  0.29182508280690078
  0.29753642517258727  0.30328685762202390  0.30909348006375970  0.31496157045919998
  0.32088498937882465  0.32681966776279781  0.33276666146263145  0.33872986320066573
  0.34477918078046232  0.35096340824038130  0.35726759561227761  0.36366367153276291
  0.37014711148665103  0.37670783243583017  0.38332126736099459  0.39001912126455440
  0.39681011843963993  0.40365283323742135  0.41063630559323488  0.41769245540378663
  0.42491524294090488  0.43228404118976471  0.43969399232943213  0.44714461346169126
  0.45472762146593515  0.46259972122268178  0.47051833708420931  0.47846869684267634
  0.48655872269579442  0.49493936853599790  0.50357731413669271  0.51238608254210916
  0.52135434592316221  0.53052485354198253  0.53993782332905604  0.54963291963510719
  0.55947209079335902  0.56952283721869146  0.57990227856171206  0.59076562639595687
  0.60216470280264056  0.61405513402542999  0.62649462883722307  0.63951086823997783
  0.65310089579205743  0.66756680416582559  0.68306655422978269  0.69949918030165747
  0.71716630399308035  0.73611360849430529  0.75677832843211201  0.77988682897005079
  0.80693799545952105  0.84115443830523451  0.89264494913425119  1.00000000000000000
 -0.00262312602127746  0.01048307877405340  0.02130940884327262  0.03215087410941549
  0.04287990450162128  0.05357798360130583  0.06422849359952230  0.07504035340305543
  0.08575232097295596  0.09632556130490991  0.10674735467213894  0.11718006353193325
  0.12765378928938220  0.13806006824906242  0.14855015466314869  0.15894274763184485
  0.16950006677740051  0.18016278538603445  0.19084093280542147  0.20143314829677417
  0.21217892282698014  0.22296190442611186  0.23349486019456744  0.24389226817186974
  0.25458423250761225  0.26556671747873645  0.27645737833225348  0.28707530893077637
  0.29756476523821596  0.30813854039705013  0.31883873666701690  0.32968772441392208
  0.34042578348384711  0.35098066215124613  0.36141452180323408  0.37201924175410672
  0.38300392018564866  0.39411360342148932  0.40481764241542961  0.41538056102145787
  0.42564529097937992  0.43608259784583103  0.44650100997745523  0.45720536260871547
  0.46765039251762414  0.47791255733340643  0.48820105026715577  0.49842354955269980
  0.50853882334910139  0.51850891426657286  0.52871055367100883  0.53883502484242063
  0.54922362714149320  0.55965119672970365  0.57067219765099320  0.58162741770889992
  0.59253508760584250  0.60351556592693067  0.61377551528616647  0.62415377696090990
  0.63408415295550702  0.64413307207902715  0.65408986136509806  0.66403011489503272
  0.67414284304098693  0.68461520487273220  0.69536384100453763  0.70625074018128409
  0.71677176579011870  0.72700126006291865  0.73725228943263466  0.74770579602626941
  0.75824105600291836  0.76879537246679863  0.77949479031797952  0.79046539561762863
  0.80124880215351968  0.81213256737891770  0.82272807459847419  0.83318363251467176
  0.84317038254690002  0.85334274983784697  0.86373788897537018  0.87416401303968772
  0.88463363629622882  0.89501483469535381  0.90569258518377538  0.91629766683982472
  0.92672618954040775  0.93737934347336860  0.94778871159864542  0.95822308232660436
  0.96824852239218662  0.97864358095529880  0.98927264218704980  1.00000000000000000
 -0.00196212528859917  0.00921835804608855  0.01928842315318629  0.02970826660352378
  0.04035417011369687  0.05109930395523527  0.06177232195575834  0.07241359748307238
  0.08315722309767531  0.09415158008447502  0.10512776796985647  0.11587111444841475
  0.12644376087694464  0.13681833955438136  0.14719566883797747  0.15750690770563675
  0.16812367520672131  0.17879293819246508  0.18952302509821875  0.20007672625080805
  0.21052981180203634  0.22086484827348146  0.23121312058710958  0.24171287706704792
  0.25226644181739039  0.26254161524099429  0.27266478914023495  0.28297068498731864
  0.29353608694353323  0.30425236791162641  0.31481724826932739  0.32540462508441459
  0.33595620032907564  0.34641302671200735  0.35677946817799400  0.36718458342003080
  0.37769048928602861  0.38847627454416367  0.39930542299168093  0.41022338891667670
  0.42073591108829939  0.43110206592739936  0.44139686316442539  0.45175759634539309
  0.46218444886098542  0.47261860375209469  0.48299511690617164  0.49331159909647559
  0.50359151719890216  0.51385604518104766  0.52417086617703923  0.53452294179241100
  0.54494487727178265  0.55531574665423777  0.56582678888468863  0.57667012432174836
  0.58771143679894067  0.59889389782526103  0.60996104791804506  0.62089138941923772
  0.63159663288741008  0.64228663633101890  0.65306834857485163  0.66393998677850874
  0.67452851812733039  0.68496808582831470  0.69517551607605055  0.70547234052046603
  0.71582811992926898  0.72615719671283696  0.73652955588334557  0.74680015023148349
  0.75728055802798988  0.76765370417353751  0.77814674918149684  0.78881745410163739
  0.79944153414648511  0.81010665092780465  0.82075865996191644  0.83156762188537114
  0.84235839509104493  0.85302473213699614  0.86373990067072692  0.87428083982303062
  0.88468981965344407  0.89487376194668078  0.90529279775894123  0.91559293772996497
  0.92606786913809302  0.93656923298631511  0.94725621560119277  0.95772861082565641
  0.96811241742790155  0.97847162772101570  0.98919719305790377  1.00000000000000000
 -0.00239493022989569  0.00952777820995712  0.01983133253911880  0.03042949145943446
  0.04097926901451633  0.05123930967775262  0.06156123912464302  0.07244250259782226
  0.08313317477459702  0.09357244034789060  0.10405469040557057  0.11450845249529183
  0.12481270347462764  0.13487953319693885  0.14489279672136618  0.15543429778221368
  0.16590601979837724  0.17667775988208392  0.18748530876345823  0.19865486901799498
  0.20946452561321194  0.22025437744347720  0.23082968283101116  0.24153725248654270
  0.25213145434127998  0.26264085575516005  0.27318665218931398  0.28375462001675383
  0.29437817648342113  0.30492480549035700  0.31554710354546917  0.32632874118527877
  0.33688803356590713  0.34752949860483451  0.35804534046229164  0.36881686254289908
  0.37935275903032062  0.38966335178907696  0.40011247065542532  0.41038059593662918
  0.42073099363169381  0.43114025484954505  0.44193922257698259  0.45274320552352104
  0.46326063107396193  0.47366717370079797  0.48395238611705543  0.49420240160926671
  0.50449117974452229  0.51501066022869069  0.52584039864848975  0.53662379699014340
  0.54710167573467861  0.55739029823288222  0.56778328312565740  0.57840759682746445
  0.58915468861662712  0.59977866927968959  0.61065322472484096  0.62120391249219287
  0.63184162393544208  0.64228248154662659  0.65294435295282705  0.66389226564045778
  0.67433659666607626  0.68482019842381481  0.69515692457638001  0.70559981137570715
  0.71598601871777456  0.72640680490454701  0.73705404130013952  0.74754004564801391
  0.75811048791547153  0.76878421593183588  0.77932833570786531  0.78988215082327018
  0.80043064093925176  0.81102110854318354  0.82134195513859465  0.83161456066557482
  0.84219545558313558  0.85301505132631850  0.86363378286454828  0.87412269894105377
  0.88456852528682695  0.89479248481555040  0.90519323964939913  0.91537310700914998
  0.92573335198583062  0.93590967880786891  0.94631737557349560  0.95671315150534875
  0.96739640529443693  0.97801937168413733  0.98910125897799706  1.00000000000000000
 -0.00248364746096499  0.00965495204821838  0.01985345058170719  0.03042732172314767
  0.04087669388935300  0.05171106410653116  0.06265334375560977  0.07359421614860953
  0.08438664724802655  0.09492056507817509  0.10520218641288433  0.11538024266601925
  0.12568675301867527  0.13638862902582402  0.14714861129645987  0.15793931182233317
  0.16859402386856739  0.17918616123740899  0.18955134347480135  0.19951348453359319
  0.20948799246608507  0.21963102268555285  0.22995821614556819  0.24044193790097942
  0.25101079776135071  0.26169078970781084  0.27237371435357705  0.28308963158313316
  0.29387553745217404  0.30449245157356969  0.31488693375654836  0.32493441934528872
  0.33501687464874702  0.34534035761493065  0.35579629980448829  0.36624793017503549
  0.37653234363586058  0.38729990318414653  0.39809615936683168  0.40891698427863343
  0.41979399618607355  0.43040961304111586  0.44088793588592090  0.45116891012338645
  0.46157530350910447  0.47206231538633886  0.48263766838713257  0.49326597335877692
  0.50372302196937635  0.51392459351706110  0.52433503405264059  0.53471196175158353
  0.54525099979480496  0.55564954907001396  0.56598821971577951  0.57636806143253483
  0.58644166163626332  0.59655266175488741  0.60668716233033870  0.61710733807985607
  0.62765001949030341  0.63821981204217471  0.64868247494312781  0.65930654257331300
  0.66987051364971850  0.68047500932675276  0.69093938507562436  0.70139604480740247
  0.71191343261945084  0.72265967174975110  0.73327017264584893  0.74365035267597412
  0.75393306274399130  0.76443279212440463  0.77514684854156668  0.78590260077045770
  0.79663957725567947  0.80728870192720625  0.81783617050690227  0.82864041573748359
  0.83933598823423938  0.84982347244165735  0.86012257214698840  0.87062091695598631
  0.88132236070891135  0.89191509743620623  0.90259364401806752  0.91356081897599384
  0.92449751435584315  0.93554509892039406  0.94610857192872633  0.95687840250822731
  0.96762475228495293  0.97863019955423169  0.98944104208840999  1.00000000000000000
   1.7259041018928873E-022  -1.0000000000000000     
 T T T T T T T T T T T T T T T T
