  0.00034160262932244  0.00132983402655705  0.00238677594563090  0.00368562001805499
  0.00518738944660460  0.00694875724978358  0.00888134553295798  0.01101625832576749
  0.01343287980237861  0.01602294154059379  0.01880314111082320  0.02178033725656828
  0.02490596218143381  0.02819498199464184  0.03170135894438694  0.03529654394186066
  0.03901733597471583  0.04280370928914863  0.04671344455062882  0.05075864569946893
  0.05495794779968412  0.05929932633783354  0.06383308433912725  0.06848477331615598
  0.07325971877831508  0.07805620763884334  0.08294654524647131  0.08791334205024204
  0.09303050227220956  0.09819120352209640  0.10334370412317549  0.10859379333292002
  0.11386506290072926  0.11924493197515601  0.12482795848785748  0.13060576646740854
  0.13650554310288907  0.14245159679315203  0.14840165573445355  0.15440051074001021
  0.16049746123110087  0.16660892935624544  0.17274651688118603  0.17899842268173352
  0.18543741999014537  0.19189338975743628  0.19846530617937774  0.20510686951266555
  0.21188966586848032  0.21888225427217339  0.22605769886547905  0.23335672671481328
  0.24076671703990599  0.24811536453441527  0.25549416687628684  0.26302249572391134
  0.27070127700712487  0.27854324776654871  0.28659980710538219  0.29485813410805467
  0.30319752878504158  0.31193521212785225  0.32078028108094336  0.32971514963476811
  0.33873470933324334  0.34791269270269659  0.35742805472526951  0.36707870442829826
  0.37684499594383347  0.38687888358790207  0.39708836437549777  0.40753080441341355
  0.41831487503997633  0.42925825380961297  0.44022021938667932  0.45184559917201711
  0.46371701947049110  0.47581542635406732  0.48841228977420353  0.50176872995370991
  0.51548949619028761  0.52999134127548775  0.54499064864246050  0.56070520731843421
  0.57735099864942385  0.59498239954188270  0.61352577518205642  0.63292891864853051
  0.65376963372833374  0.67681622382679352  0.70314909518118796  0.73275115733654128
  0.76785114563304813  0.81315012007486565  0.88251018109227830  1.00000000000000000
 -0.00254655012405349  0.00976938870971937  0.02040151669327073  0.03143277626351981
  0.04237196018634472  0.05268256328806861  0.06269549117879857  0.07361816291982941
  0.08485059784045118  0.09681984555949329  0.10860017082995847  0.12000928794021599
  0.13084450909799200  0.14067901185064027  0.15039584294395186  0.15960593146438362
  0.16923920627572156  0.17867757738006074  0.18832968972254344  0.19813636819108940
  0.20838531918484318  0.21902724223002856  0.22980164372621242  0.24053446460865757
  0.25159230293546320  0.26293381368254365  0.27432463341368024  0.28516067056441757
  0.29571165349636191  0.30610489246214728  0.31687239181568932  0.32841579001154825
  0.34015891034158569  0.35159758087421777  0.36244768838913005  0.37303221179938900
  0.38338740003260557  0.39382184240752527  0.40417148985172091  0.41431775537768650
  0.42404321495989150  0.43373135868816903  0.44379108618737406  0.45387491343300435
  0.46399581805681467  0.47410002734605100  0.48463822950921887  0.49526928204447079
  0.50602790908255535  0.51662177040060930  0.52683767650583602  0.53656428557775659
  0.54651654585814158  0.55698927107138674  0.56769967628262397  0.57827714803208297
  0.58874807311836730  0.59915116227545984  0.60958556944951670  0.62019192463253070
  0.63065975048937550  0.64130387064311178  0.65212369973907203  0.66350533746473650
  0.67454239732165433  0.68551239179274459  0.69598769281643669  0.70654189630463082
  0.71671515803832164  0.72728053310078156  0.73783502994800632  0.74868730836905606
  0.75900487790753179  0.76929551819671960  0.77934872853239834  0.78968838766644056
  0.79997764525408777  0.81111581103236496  0.82262170374602617  0.83420484910875514
  0.84494124997745168  0.85557488874126419  0.86557563371636859  0.87555171103907514
  0.88563229009755295  0.89592828558173798  0.90619705333682188  0.91649721836935849
  0.92669085638387894  0.93709520307763783  0.94733999179357287  0.95801482537990101
  0.96837451545840203  0.97896013651286973  0.98942661737554394  1.00000000000000000
 -0.00221101820396542  0.00928702529297733  0.01948331767575567  0.03053832844735802
  0.04128560249313569  0.05191313738655765  0.06228688736891870  0.07325784364706447
  0.08460582487718024  0.09633404392028876  0.10785968829985271  0.11956247722417537
  0.13095501788675315  0.14203765287916456  0.15273619774373232  0.16328195851120039
  0.17364703370604775  0.18410209347743203  0.19473868859288923  0.20540846174954963
  0.21602928644596697  0.22672198320707751  0.23783087015048920  0.24879217147187563
  0.25947020799866471  0.26989091242161373  0.28001540127295849  0.29037951951139612
  0.30100232331460391  0.31137882077667078  0.32210219488683972  0.33222363842353148
  0.34354086867775974  0.35450076064616576  0.36603645627572701  0.37743210718685805
  0.38890666464359008  0.40012073745720961  0.41119717121426264  0.42185752773285790
  0.43267171491869655  0.44330723641826775  0.45372548555830855  0.46367543334137878
  0.47342103600287688  0.48305334226884744  0.49241692035748452  0.50209341639147043
  0.51216260099360256  0.52217764562369084  0.53259242139217811  0.54308737571371202
  0.55425827028900332  0.56569996526692534  0.57708532575037019  0.58763548401738730
  0.59799554289075718  0.60854945156684548  0.61969286814648938  0.63100307732100447
  0.64216501141655435  0.65307722136079760  0.66377788838954777  0.67446136878796015
  0.68524358159883803  0.69571006834309435  0.70613749496875244  0.71621411123933376
  0.72618675185212123  0.73624453014397984  0.74612265975683145  0.75625559552184862
  0.76637175190760620  0.77690486939185643  0.78765638986791875  0.79783313598114480
  0.80767381385182635  0.81755072398129913  0.82750734982965979  0.83738256151285273
  0.84730421305603409  0.85762861761308984  0.86802619974543582  0.87781225452341805
  0.88760165874956631  0.89791778294627878  0.90849752119213778  0.91862014413821025
  0.92804012600508523  0.93738224810779669  0.94721624721679287  0.95731539755408812
  0.96813186618206404  0.97873947007691364  0.98949245962873000  1.00000000000000000
 -0.00239106926579452  0.00984770846156910  0.02020117508870202  0.03067260638766428
  0.04131307274045554  0.05195101989645558  0.06236715935075364  0.07364744723126460
  0.08496429734565979  0.09666314965704748  0.10783470914988041  0.11861822722088403
  0.12915712935572446  0.13945113724586547  0.14990322808166287  0.16029953271516470
  0.17081537221923088  0.18095490021453806  0.19080391146587378  0.20060722221928365
  0.21044325520719967  0.22051399165149679  0.23029297248033342  0.24013394348276060
  0.25011083322685340  0.26069490591730804  0.27122372600146932  0.28197797020070087
  0.29283365216519952  0.30413747762220111  0.31599852345567381  0.32809763057968760
  0.34020986660206626  0.35178881908394805  0.36262898439368596  0.37313229218071892
  0.38369440651634817  0.39444832872882551  0.40504996544895666  0.41540098408192011
  0.42577994742477682  0.43625309957004033  0.44666433528356020  0.45704269910120121
  0.46750513186113596  0.47801688614183346  0.48849419185753190  0.49903194005763463
  0.50962683808023734  0.51969023894434374  0.52935089398972779  0.53872370407058456
  0.54820019883230864  0.55790194553866213  0.56776143685200620  0.57766853398705420
  0.58818783331554725  0.59907804230800610  0.61013167863298934  0.62116396335511892
  0.63183352004815185  0.64266087329032884  0.65349143143223076  0.66415877080104313
  0.67445531407347958  0.68461703347448810  0.69497371292423649  0.70482352273691407
  0.71444458652934062  0.72394686352012472  0.73383059134186901  0.74427415523950080
  0.75500878953868700  0.76590234860991824  0.77661751103329946  0.78731327011413454
  0.79847674826375403  0.80970247907062998  0.82062913593621589  0.83127164501437989
  0.84149630796231190  0.85148757437210143  0.86170188845415852  0.87215175012979451
  0.88251306169309907  0.89273463425830335  0.90315039955309673  0.91388247350925089
  0.92497289032626151  0.93604768025445506  0.94681479500712462  0.95766596961794237
  0.96822894912125856  0.97907825763382839  0.98944088216011361  1.00000000000000000
 -0.00272324736250970  0.00998734662319054  0.02028541632672981  0.03021058871382914
  0.04026225907609570  0.05036798421191390  0.06096050102696741  0.07232461785308950
  0.08375201763355319  0.09518022864760099  0.10638135100832903  0.11773913043417315
  0.12884176234281522  0.13948945001047564  0.14973519002581737  0.15967943418237995
  0.16987135067357373  0.18064061635852405  0.19213408890420236  0.20355232430824763
  0.21465846485753112  0.22512503439445739  0.23555678773684768  0.24582733340344520
  0.25623408303833878  0.26653639050465683  0.27707536624774309  0.28757054145865341
  0.29839046549510367  0.30904098223704402  0.31920943644279554  0.32895785601496752
  0.33878996780919335  0.34891032084824064  0.35934637306670664  0.36992783761932591
  0.38038053203961031  0.39072214878715622  0.40065877401539873  0.41079050757144508
  0.42092601814886021  0.43140691512740725  0.44232742531976016  0.45337731552646576
  0.46417855787994106  0.47492182601351496  0.48567143089576842  0.49663449325595704
  0.50757562551034974  0.51823692943860733  0.52878147300349698  0.53918619475956053
  0.54963661242924977  0.55999337483437339  0.57025480035648357  0.58037279377065343
  0.59075471583097605  0.60158655255579596  0.61286319781093013  0.62418806354766843
  0.63550109456612602  0.64650977715837654  0.65718758949187017  0.66757200981640319
  0.67777159244465979  0.68813709569508408  0.69865289758245475  0.70940932266185497
  0.72043656924870669  0.73174738530799510  0.74316676673782034  0.75402841386929376
  0.76427087664947513  0.77470197710651190  0.78525434141078554  0.79562721699200090
  0.80588207455027694  0.81645050673956365  0.82732772049348025  0.83794285705345317
  0.84810577281102928  0.85830300813863725  0.86852641208020587  0.87908191161223448
  0.88937696269927247  0.89984464887605631  0.91050982404562375  0.92099712947205592
  0.93126011527787433  0.94108914163830226  0.95097522878240015  0.96062794940204377
  0.97014441362821335  0.97968202120795622  0.98973626706557738  1.00000000000000000
   2.6932005980680733E-022  -1.0000000000000000     
 T T T T T T T F T T T T T T T F
