  0.00035426771554942  0.00141913476110528  0.00254503159044592  0.00392755749758800
  0.00556108322009980  0.00743185964116562  0.00946402174396943  0.01177826679317000
  0.01430593118826683  0.01706003702713174  0.01994286583717070  0.02298469484874678
  0.02620694919132712  0.02952838958750348  0.03291932041203746  0.03651060270370317
  0.04030818104056851  0.04427105754828841  0.04838036310505155  0.05265578551750389
  0.05703256005904119  0.06147171939981932  0.06594920627757495  0.07057233604280545
  0.07533552057803475  0.08019929249015839  0.08515601875393772  0.09007772736134162
  0.09505508730132187  0.10021901115262197  0.10560004991864270  0.11105757027355108
  0.11660175007323942  0.12222260041093144  0.12791743520853818  0.13365815332382799
  0.13945726746950726  0.14533574533537466  0.15129598048216078  0.15752240215910487
  0.16382029532928455  0.17009672043751714  0.17645692347355105  0.18299915942902861
  0.18977310206399367  0.19664214646383690  0.20354542240563694  0.21044389227520779
  0.21733713394430962  0.22433142020998126  0.23147356281684278  0.23877389412619515
  0.24630233551467154  0.25403953630043030  0.26180641250089765  0.26950989319781055
  0.27711290843603720  0.28466326156671079  0.29235462531257606  0.30057475789045773
  0.30879218367622563  0.31741109925097588  0.32614152483582071  0.33486751066953835
  0.34382703024278921  0.35330559767769559  0.36278033771443702  0.37264336359986072
  0.38273794851202575  0.39281219833903180  0.40288704756656696  0.41306823350322869
  0.42344467434264071  0.43405295794053972  0.44506537489687942  0.45672818457209019
  0.46870565117205126  0.48073080940313129  0.49307734335245135  0.50622877730546334
  0.51945409778921914  0.53278510572807103  0.54733233467518105  0.56235058384612580
  0.57827779570672788  0.59552466605471699  0.61366837699044263  0.63233165921337076
  0.65330137914023734  0.67557508671746735  0.70012521069610356  0.72998200655241541
  0.76574965475521728  0.81092890299528952  0.88173111260865566  1.00000000000000000
 -0.00207738471434767  0.00985202093693787  0.02012870123992094  0.03092007535776280
  0.04158212278779841  0.05177380967480410  0.06207483716047467  0.07233793107754251
  0.08246731546735454  0.09198051252231609  0.10141872072847416  0.11147453959406349
  0.12146836100026327  0.13219137073797962  0.14280509179819958  0.15454558561977541
  0.16603867166524874  0.17707130786244163  0.18793206452572520  0.19853020577692168
  0.20935545107739365  0.22046562815282308  0.23180154091621250  0.24208435468329978
  0.25210907262704157  0.26221142520301027  0.27254183778088048  0.28259778384759987
  0.29266620369121465  0.30283312863599743  0.31321477329583397  0.32403500821481435
  0.33498100156636623  0.34643794701181407  0.35764853150024667  0.36922885025997981
  0.38035379873583502  0.39086645472381037  0.40123653315378555  0.41127808656914577
  0.42143073910585638  0.43110998741046141  0.44153517171201867  0.45242329726878633
  0.46393237196448212  0.47570334737937908  0.48719277733137173  0.49831551940380453
  0.50893354003545610  0.51922448285474498  0.52948161692430318  0.53995665728279607
  0.55058831136635700  0.56096651479937798  0.57112553092044727  0.58113516231016493
  0.59167755531099697  0.60224963362432815  0.61257397995461238  0.62245035253439907
  0.63210015018646437  0.64175243223319467  0.65195505751268068  0.66201139779338691
  0.67233991359958856  0.68255089915593326  0.69287965200251000  0.70356511691375334
  0.71387696856532146  0.72457241461206945  0.73545586942316321  0.74662614732427002
  0.75755265763567681  0.76823933817880474  0.77910503240739981  0.78993246218871549
  0.80120084138921888  0.81219253211234699  0.82283226011461497  0.83348133432151295
  0.84409955699262695  0.85477987486139795  0.86493219298898472  0.87510173630222066
  0.88561096328072864  0.89609502003796071  0.90625898798880578  0.91641046974504370
  0.92673483302084070  0.93723247866046211  0.94749399796307932  0.95797480328056284
  0.96846764659070195  0.97909812951255715  0.98945527841696068  1.00000000000000000
 -0.00201431487557951  0.00948899385329079  0.01930358749324509  0.02899408447318814
  0.03896877432316767  0.04933471445029548  0.06001581315598961  0.07104175726167435
  0.08231738603435318  0.09374632598148284  0.10506893969771351  0.11608049102383972
  0.12726566993100524  0.13834806968330415  0.14900998305897159  0.15942352119101916
  0.16971490557700963  0.18055963593034885  0.19123319678891071  0.20191526340846661
  0.21266878124233662  0.22339986766888484  0.23425778620869236  0.24519408916773075
  0.25612913104005297  0.26677485363404613  0.27710454545750407  0.28747144479028769
  0.29774437353339223  0.30783551501308165  0.31786914685215345  0.32791718108017626
  0.33822312232760077  0.34865872535866382  0.35894270165457098  0.36873269010605897
  0.37861724038650896  0.38891270140019629  0.39922506655647200  0.40973146251493142
  0.42041265057598909  0.43142604363905035  0.44252567581347524  0.45317362566094438
  0.46369948561817032  0.47398863405830832  0.48444828204880919  0.49487149539388553
  0.50567419998947960  0.51649869851240504  0.52734461645409614  0.53808506295065406
  0.54885541670829241  0.55929726421172343  0.56980240807821336  0.58049231852105188
  0.59146888197864100  0.60260604122860151  0.61391684514751987  0.62458131391567429
  0.63481614476757453  0.64486421933157700  0.65574994319148661  0.66768177079374302
  0.68032714290621210  0.69222716864332245  0.70305134858240470  0.71352812361118823
  0.72389520766644855  0.73385951689504669  0.74383762233727124  0.75355853366882775
  0.76335844943405018  0.77312663462894915  0.78345935344384598  0.79374963944369281
  0.80435320286039258  0.81465732111897760  0.82503970750569189  0.83523308974570432
  0.84571279765320728  0.85599660621785312  0.86608590871885816  0.87600036545689963
  0.88626962390265751  0.89680215617349524  0.90739812276063847  0.91752517058996197
  0.92762044479929584  0.93761686225867935  0.94839055378936898  0.95891188130030813
  0.96920507174983650  0.97923848513584855  0.98943896330906667  1.00000000000000000
 -0.00225531948252005  0.00963617109933728  0.01925126740826160  0.02900213860707820
  0.03887008885647312  0.04877121450972552  0.05878677123632501  0.06893590359424596
  0.07933672265672582  0.08985921315474044  0.10079516807482018  0.11155861042269398
  0.12216668472854320  0.13243801442272185  0.14286598808566883  0.15361352587508226
  0.16449268003703538  0.17563981511349419  0.18682662918026038  0.19797462995165124
  0.20891197826614064  0.22040544523687622  0.23168299735533332  0.24250893068520507
  0.25311182763565027  0.26389923757177858  0.27510527545357444  0.28659697705730597
  0.29803412720632144  0.30937125799164522  0.32091425448145966  0.33248491969410776
  0.34373517977741619  0.35487219082956256  0.36583696989104753  0.37641064811019787
  0.38677530599748156  0.39724021064104953  0.40770198087676918  0.41813214785230385
  0.42847311682204153  0.43855280613335984  0.44821024837486140  0.45757609693996076
  0.46710231299253074  0.47703397181930413  0.48725891491987611  0.49755074814628153
  0.50766906509130250  0.51793863142287533  0.52862352913588706  0.53936151734862536
  0.54972014510831946  0.56008361781603289  0.57080029267994281  0.58155532853388936
  0.59201456275217912  0.60259283902888294  0.61350286370415485  0.62465746910058140
  0.63537589152904739  0.64559873727228068  0.65592383238702190  0.66616856275750280
  0.67681866825966386  0.68754221165486751  0.69842624586510282  0.70924900778350797
  0.71981979253798145  0.73031900084991275  0.74066596766465775  0.75114329167790395
  0.76135003756294095  0.77191395159696763  0.78228449240389542  0.79297481087501065
  0.80336518326606177  0.81363256020900765  0.82424398902527951  0.83476887776765629
  0.84538035028542613  0.85623072069764705  0.86740558703499437  0.87831575068119139
  0.88865599423306474  0.89929590193234132  0.91003011760119445  0.92090725528249839
  0.93078676804066185  0.94065443541910854  0.95066796718117252  0.96086989009697221
  0.97088197548048893  0.98070243858161277  0.99042586036533165  1.00000000000000000
 -0.00189630701278038  0.00928844018395691  0.01859771698991536  0.02852207158729538
  0.03874343133262168  0.04913384528942926  0.05910241128292061  0.06922158289452575
  0.07940181927701881  0.08971924828463350  0.09991960350222220  0.11035651992000402
  0.12091781252015545  0.13136207278821638  0.14177980754052369  0.15203094557730196
  0.16226528995242667  0.17243484065485790  0.18240804519202011  0.19257588489778318
  0.20277272825571713  0.21299754796685083  0.22310049954890895  0.23334295569516633
  0.24406930940436286  0.25494621301476184  0.26581005800488983  0.27666231544120795
  0.28731908862512973  0.29786841004929399  0.30844999705036336  0.31901484195202917
  0.32948931334249004  0.34008418239159854  0.35096588099052917  0.36196656890858220
  0.37304485912805929  0.38396043566822974  0.39471036792895881  0.40535534488947755
  0.41585146011151958  0.42623094693255781  0.43630074881565539  0.44635195849222098
  0.45667141995669519  0.46745584723817024  0.47854780396868668  0.48974091537166908
  0.50100087767442159  0.51202133488516677  0.52275630158829445  0.53301417134624529
  0.54365907530086055  0.55470053960406673  0.56543836956070848  0.57569878305220679
  0.58571930682747342  0.59575926156051151  0.60586227244519075  0.61574408405849135
  0.62562809230727223  0.63568181828549586  0.64581840903638299  0.65624327311603980
  0.66655492252622950  0.67694687709007650  0.68750474242157489  0.69819917844141077
  0.70887525141393759  0.71929151643886835  0.72968874274243811  0.74041383638831226
  0.75140965309456864  0.76237208917564803  0.77326026945278803  0.78399284901779998
  0.79482073609998327  0.80559623053681617  0.81605308447382907  0.82616444240596565
  0.83671137578584354  0.84772668323939082  0.85857956864831475  0.86882204258657680
  0.87904530108069068  0.88968582682735797  0.90039411022874560  0.91134949217453221
  0.92245246082785248  0.93363299846904169  0.94526798701132764  0.95649612136303253
  0.96715197812553977  0.97772462391445436  0.98880909950129714  1.00000000000000000
   9.4077793742549070E-022  -1.0000000000000000     
 T F T F T F T F T F T F T F T F
