  0.12234641054745642  0.14759532729944211  0.16034561248167578  0.16988609383749304
  0.17830057184838485  0.18593583126415106  0.19315610614920961  0.19995613015519320
  0.20625272337138989  0.21218466368793301  0.21802372784063462  0.22384505568599489
  0.22948563014899015  0.23498604824545619  0.24052198909696723  0.24606992932450875
  0.25155353495742167  0.25692961536160885  0.26218992020057957  0.26732731870363996
  0.27238197358306143  0.27749323142288840  0.28272245558410064  0.28800495641201462
  0.29327095695473576  0.29849804916797534  0.30361993435085033  0.30867154445704592
  0.31383891658013902  0.31905345896073711  0.32433715802338620  0.32951672412816091
  0.33472163657187004  0.33994230183357926  0.34524860522065054  0.35076411827483822
  0.35622747633769841  0.36160132696944502  0.36685557755920006  0.37203165677177469
  0.37721901099511435  0.38245942767506230  0.38774543278720197  0.39314906134110694
  0.39866566786191493  0.40416210665124225  0.40969539271058208  0.41520034602215189
  0.42070200139626124  0.42629739056993327  0.43196298258527732  0.43766554563843069
  0.44361745773143041  0.44960169010334422  0.45553564796674900  0.46142817807618264
  0.46735382689649280  0.47347917808931178  0.47961868087277093  0.48595715424028929
  0.49249015725741846  0.49922912353370635  0.50624036564196218  0.51323534040300878
  0.52018357107003355  0.52715788241474748  0.53423168977508295  0.54144571674168229
  0.54876648933207650  0.55612464410340312  0.56357413779231336  0.57113385846809717
  0.57899960618433011  0.58712436830278369  0.59561137420208810  0.60436934868691417
  0.61319395499140561  0.62230569791181545  0.63175355397799127  0.64153576168060245
  0.65154476923941096  0.66169117234934527  0.67212079095664834  0.68308809628388101
  0.69484749173234051  0.70755294893243481  0.72109865912503990  0.73494776121681016
  0.74983122725125662  0.76622337577017241  0.78480896698309810  0.80609109636577791
  0.83095484456702839  0.86171181912811490  0.90664300148463828  1.00000000000000000
 -0.00232264417473103  0.00909693138112617  0.01898276922302778  0.02937678799582734
  0.03996797670564693  0.05070995913094759  0.06135589997162885  0.07160347793110759
  0.08178437823978507  0.09190531158546986  0.10238392650701263  0.11269102368756009
  0.12286058510389722  0.13292608507625170  0.14297375774619642  0.15313254152460953
  0.16362173273806907  0.17436091970967646  0.18535012612213195  0.19601667184408950
  0.20635588868930071  0.21671627232685373  0.22710428678139019  0.23737484946329571
  0.24769978507803853  0.25806833922218192  0.26866351912872316  0.27922249640439473
  0.28967839631914843  0.30009581239567529  0.31058509778426846  0.32128721090904538
  0.33216375128416470  0.34275672930677670  0.35317520977733852  0.36369127804154583
  0.37432757541534395  0.38506820501158606  0.39578850443852248  0.40676176406889503
  0.41780809360372645  0.42867517733555899  0.43937930810760262  0.44988675007995710
  0.46028477193291023  0.47044119520292071  0.48062883430337539  0.49116178539920419
  0.50173752839948982  0.51256961450954008  0.52322889575877318  0.53400438902331138
  0.54467723347577246  0.55559947917527053  0.56625983074536668  0.57689167984540912
  0.58749097685548746  0.59821663859976359  0.60877915437919250  0.61927275867071130
  0.62952458799036037  0.63999790775782284  0.65046409840906239  0.66112632463821885
  0.67166635731717139  0.68234838383134500  0.69326876765230072  0.70428397869366444
  0.71503552049018682  0.72534833415832434  0.73546482106619648  0.74547438960801782
  0.75583070856179813  0.76607420601918519  0.77638919527099159  0.78679221002689925
  0.79776745073469890  0.80900054787856601  0.82004634607390126  0.83089304473186798
  0.84199230053200769  0.85301157866945887  0.86372683474476852  0.87410039105291748
  0.88438135021996045  0.89455465931553635  0.90485091250210636  0.91537647150571810
  0.92598898510379846  0.93646240531122160  0.94688639195165869  0.95766551291085422
  0.96852497895983358  0.97933444847550277  0.98973716304052661  1.00000000000000000
 -0.00193143927631185  0.00926999530524350  0.01940863353564318  0.02986710306803554
  0.04087897768773398  0.05184222187712612  0.06258140727136502  0.07344995192619999
  0.08391871020007124  0.09423115693542737  0.10455876578777201  0.11521870733956702
  0.12565419774522202  0.13596570858993551  0.14641747151236950  0.15720571873358122
  0.16791357872536519  0.17845877863129053  0.18917452985399794  0.19995376126112796
  0.21079221070258236  0.22153846511567032  0.23221842021368502  0.24289643618667911
  0.25348906881647859  0.26414539684962485  0.27467906413365006  0.28520742944852445
  0.29603113027278904  0.30720591358408594  0.31833703517901207  0.32933068094471529
  0.34031788001191404  0.35123806748064063  0.36203589202849779  0.37231477060640611
  0.38277906815328905  0.39333334236949380  0.40383035940798911  0.41422528817241999
  0.42430419195962427  0.43426549053285174  0.44441099619491015  0.45463785419386504
  0.46486917249244708  0.47504608319748159  0.48527402079859272  0.49555485591825044
  0.50554217590922079  0.51561994878715733  0.52591533895499754  0.53648665323917943
  0.54671757146801359  0.55706677659463055  0.56775175087921503  0.57814759662384596
  0.58832539843645393  0.59809262848160150  0.60810137767333661  0.61805830980681797
  0.62795882083607668  0.63817244946822205  0.64833488722115395  0.65830137576537362
  0.66825393229345598  0.67858640166222595  0.68938843094468849  0.70042407513447003
  0.71094731061562033  0.72137220271527358  0.73189291952707891  0.74288423668939374
  0.75366969999293221  0.76429192851247418  0.77483039232457962  0.78562293985982723
  0.79643758271645293  0.80717281343461067  0.81778059970910144  0.82833303242574496
  0.83893113083115911  0.84988383724204852  0.86058114180417267  0.87180461367494788
  0.88290838019342299  0.89428910473025314  0.90532347019341031  0.91597683227169457
  0.92662769715166515  0.93692754886429597  0.94720577919574511  0.95730135743141043
  0.96766466575468446  0.97851422568636748  0.98931539778236721  1.00000000000000000
 -0.00229051975798059  0.00993148017270767  0.02051320450804179  0.03119836551637802
  0.04162233515325517  0.05181660366678215  0.06194070318924970  0.07192004537169504
  0.08180024874304144  0.09205767444933657  0.10260114527161487  0.11363676172723740
  0.12459268017223712  0.13569239054460652  0.14643908354799348  0.15658200369648295
  0.16624041432750139  0.17580158666907589  0.18587475372498241  0.19659134853064616
  0.20751293087644160  0.21814787011395806  0.22841973853782385  0.23871808142707623
  0.24893287311429294  0.25978682328820057  0.27076557085585884  0.28186393741048782
  0.29293590547243242  0.30368586741960102  0.31453259581741927  0.32504224071954252
  0.33547241708620362  0.34583809003854621  0.35653771359526870  0.36764587211952937
  0.37857140874881356  0.38908893084885710  0.39917968768254214  0.40951241617317158
  0.41995499547970067  0.43068288027853602  0.44153733296870318  0.45281892868753393
  0.46377795615601425  0.47448733927450498  0.48523089762964716  0.49623424360300344
  0.50734810855014123  0.51830806586299272  0.52904850111091650  0.53979362086686977
  0.55072481734670797  0.56196895170541417  0.57275463919138325  0.58315719943009259
  0.59348424775264175  0.60405896454380770  0.61470089777439629  0.62516274430349827
  0.63551000303021243  0.64589151844394177  0.65618623149371536  0.66678544957289643
  0.67727223636218703  0.68779131974847851  0.69806976451362079  0.70846593811547831
  0.71926328195478495  0.72987439911225149  0.74023496799156241  0.75047421689570193
  0.76107443978241995  0.77163243681310600  0.78188630057544706  0.79178646509353556
  0.80174986941665116  0.81178115546885621  0.82202879037973298  0.83246789567723067
  0.84312602039954176  0.85397752491200629  0.86488096616627774  0.87563856643153959
  0.88601856422142800  0.89614140743825477  0.90640608131045675  0.91681823402589246
  0.92720111658705262  0.93770982983782369  0.94851779446575468  0.95914384766543470
  0.96923868723308215  0.97936346502590177  0.98957318678615580  1.00000000000000000
 -0.00216348424574732  0.00959849393609673  0.01955431110543371  0.02965149705868367
  0.03956352474752009  0.04994951372450491  0.06073942911399447  0.07137182560529111
  0.08157250273696152  0.09182980403747305  0.10226270514230877  0.11270303816923936
  0.12301057720969348  0.13344339476743633  0.14397681336427279  0.15472337404939426
  0.16573481580293545  0.17672085855637376  0.18754593264115130  0.19815477821112149
  0.20879943533282719  0.21947409477462237  0.23012475739587587  0.24050029750989468
  0.25053587580766362  0.26042359258754066  0.27039437684463619  0.28065263024795684
  0.29127143887260210  0.30204048852109178  0.31259378340738680  0.32298955891165260
  0.33373989660751546  0.34495813001462255  0.35609135293638355  0.36691826803247124
  0.37752743729384297  0.38822865223852276  0.39907299932348195  0.40997106509368969
  0.42063558752554930  0.43121437379592786  0.44176808527234307  0.45234871183807279
  0.46244342668641897  0.47246671968398674  0.48229813803112576  0.49240702465437058
  0.50252830958814731  0.51299942460657133  0.52355022801907625  0.53420933688563810
  0.54491126361538056  0.55534141454355190  0.56570438889062746  0.57586238303949999
  0.58624400678417676  0.59682064431148929  0.60751594837610357  0.61839549989233566
  0.62896269611483990  0.63948729693300377  0.65006940990485029  0.66082533441565361
  0.67145298804892539  0.68175319265020917  0.69245674438420213  0.70294750147980256
  0.71358859964829868  0.72399147731582647  0.73490246793921699  0.74589874330759187
  0.75707886130688540  0.76805541710922698  0.77919518609400817  0.79057681052143514
  0.80198311505477193  0.81294015276015175  0.82378288160459034  0.83429633389355540
  0.84483298916694816  0.85501524114727956  0.86545385131750774  0.87614993960252241
  0.88701440824839894  0.89765294944895346  0.90779955661314160  0.91819003826199441
  0.92886385483644829  0.93953900135620516  0.95006000486137954  0.96037487042013392
  0.97038840562580153  0.98045439292486281  0.99015616884982505  1.00000000000000000
   7.3521983663111019E-022  -1.0000000000000000     
 T F T F T F T F T F T F T F T F
