 -0.00002800336419003  0.00428315847994252  0.01277476976955750  0.02189019264493933
  0.03096223338926595  0.03984011418059206  0.04843824618181437  0.05698693085577559
  0.06531841695375676  0.07355254316886727  0.08155056619976070  0.08948770808826796
  0.09729911011465102  0.10501318505567343  0.11243402322922062  0.11983712326336469
  0.12706928621336017  0.13418836695577491  0.14129815721066738  0.14846725692529739
  0.15551648883393668  0.16243450261057640  0.16930704470225019  0.17617494416940294
  0.18302878450729596  0.18982809813664100  0.19659029912385856  0.20333948634180979
  0.21012225412435684  0.21695569611936877  0.22372364388055038  0.23041758687336455
  0.23705287179639645  0.24366406478670799  0.25034096342294243  0.25703901358699049
  0.26374851132299809  0.27043085951298756  0.27702035108361539  0.28360150876030771
  0.29016992411288545  0.29676744032388913  0.30346318800461181  0.31026065102596911
  0.31716649393844520  0.32402121068465489  0.33083563988227677  0.33768617118455985
  0.34455885121170993  0.35140720298329603  0.35828845271916082  0.36520148079369330
  0.37211220243287080  0.37925661867758020  0.38655600840985954  0.39387911817061133
  0.40121709668819600  0.40859937115537126  0.41599504885060862  0.42341601851219640
  0.43085114627157878  0.43832486033775891  0.44577670727404817  0.45337826494591277
  0.46190934018121443  0.47043200453087941  0.47894264188107200  0.48743839964254737
  0.49595954999521846  0.50453493952385819  0.51315300018459453  0.52183079282713341
  0.53055476930284307  0.53930702116389462  0.54859645710072946  0.55835633312309707
  0.56861780491622360  0.57962755255449849  0.59074344166241155  0.60210266109981070
  0.61365511580975929  0.62551236482254635  0.63769753463128565  0.65001465716541418
  0.66268996660301860  0.67726642612457133  0.69329143813594540  0.71143176926242724
  0.73061668577946526  0.75082610330270350  0.77240136968002782  0.79572438304205084
  0.82475402905079687  0.86409034976287458  0.91783261907270197  1.00000000000000000
 -0.00202517637716974  0.00916270753288966  0.01847741310467568  0.02836882637976842
  0.03864244027279189  0.04898817150028907  0.05978382415235524  0.07048298810283665
  0.08139666814071980  0.09145212444828006  0.10175701272280416  0.11217331759988824
  0.12282551015194731  0.13254955915720681  0.14213322365513162  0.15209432601712439
  0.16240065598370415  0.17293187094631005  0.18347953058503907  0.19436685496574174
  0.20573896356739352  0.21695633508101766  0.22791871680728210  0.23878523959603859
  0.24974738285109127  0.26091299096089915  0.27182413743387718  0.28285341695615290
  0.29368430723910616  0.30421888093805244  0.31506979166816007  0.32677045109542030
  0.33862559332344766  0.35028373643905986  0.36308274087030845  0.37532349981588586
  0.38663004426619868  0.39773376616170930  0.40892873672846253  0.42015538301605154
  0.43106096558489976  0.44170753031924531  0.45253710136309339  0.46363588836083247
  0.47431887197481382  0.48517013945777132  0.49651974359638967  0.50744028475517711
  0.51813385068903750  0.52836247706182315  0.53831087777825892  0.54839389490367052
  0.55832486792906733  0.56800118494282414  0.57741965325758648  0.58711505218608528
  0.59759618683616433  0.60855289261348933  0.61958780783255296  0.63018301204539484
  0.64020599642367237  0.65032270523165003  0.66097385490432159  0.67205327134642290
  0.68307726398722690  0.69394912230358763  0.70469163893451958  0.71496317652138919
  0.72509100144118688  0.73522024372036310  0.74546129363152036  0.75551457286969237
  0.76524930760236098  0.77470303481204716  0.78386544315116691  0.79306192225006367
  0.80244738180462072  0.81181208942392524  0.82124338377055506  0.83069288284710474
  0.84077995675898776  0.85162457725774743  0.86228736771101544  0.87304708837698874
  0.88402086691410442  0.89488794944522498  0.90474326033915331  0.91451952492545818
  0.92461598460803385  0.93480568021459765  0.94504449940667568  0.95559966898834525
  0.96662285626663591  0.97808922546837151  0.98914877664034484  1.00000000000000000
 -0.00238180610498163  0.01068624906355527  0.02154569059293104  0.03269070443469739
  0.04357854824289760  0.05423397291177798  0.06462500294552441  0.07448037668134347
  0.08440473263999411  0.09430196091342952  0.10411321689698652  0.11381273940269430
  0.12351270074350434  0.13357797421213072  0.14384788089502479  0.15453342469626052
  0.16547657903281443  0.17761818585786443  0.18954359834708143  0.20119275525341199
  0.21223840683647408  0.22336558242636917  0.23396271371413013  0.24381944057619892
  0.25369658617154822  0.26350900990042792  0.27388734169469386  0.28396233837541945
  0.29420758750332276  0.30437310564176079  0.31459737157752121  0.32452180148023313
  0.33454333516084794  0.34447445743551225  0.35416689495574305  0.36431969187581148
  0.37479251225068466  0.38531602087129729  0.39568134555772411  0.40638372034629255
  0.41703818651453972  0.42745461944938512  0.43668833005417546  0.44983928640830312
  0.46308789513182991  0.47668283790393717  0.49008605442178049  0.50230382900517434
  0.51343787630866344  0.52419257896589222  0.53487454757442032  0.54515903096409235
  0.55503569419626952  0.56505988646947158  0.57551426151576646  0.58589892683402534
  0.59583307463433743  0.60561382373730810  0.61602974288771084  0.62616227989759321
  0.63590167160360900  0.64589209506039724  0.65671101009417110  0.66744792439469969
  0.67819760183786781  0.68863214824512609  0.69940895026682071  0.71031749837262226
  0.72130648720330359  0.73175528030335335  0.74133170968639539  0.75085873028993466
  0.76027375161093380  0.77010267784259956  0.78071674654407031  0.79154922987175957
  0.80219806281667771  0.81259027465532863  0.82286318254363611  0.83319682214407931
  0.84372525768249163  0.85430652542615615  0.86469955543396781  0.87476263638264695
  0.88445398637205441  0.89429310683587893  0.90396541448629453  0.91394832017796290
  0.92412836226562267  0.93418744281929911  0.94615480118460016  0.95879552573213844
  0.96930750232664475  0.97973918096737578  0.98968666078759027  1.00000000000000000
 -0.00334818227534455  0.01079524917254614  0.02256915854458925  0.03330716421794296
  0.04403929191441128  0.05440036299634751  0.06433703686761076  0.07412860854345271
  0.08423171953296303  0.09470043140420051  0.10520795460535741  0.11616704738697138
  0.12724315677353626  0.13826677902166640  0.14960188364187030  0.16142779674058894
  0.17290277436098664  0.18402809211937543  0.19541068780312160  0.20713897778488263
  0.21913553032983502  0.23081443300222498  0.24168050601181038  0.25195950975166193
  0.26231811948784772  0.27278022141477587  0.28311034107878602  0.29349530190314238
  0.30394076261636715  0.31468010742478164  0.32602117842784650  0.33760708771950160
  0.34920571120762400  0.36060930124933838  0.37226377492571211  0.38369500403963480
  0.39616404127465221  0.40632682685538019  0.41752198968155319  0.42798016343056861
  0.43827930760703210  0.44790272919813112  0.45780700949292291  0.46832636917678294
  0.47887896453658213  0.48881425997904532  0.49863280593031301  0.50823722182782838
  0.51765772658483322  0.52712529281178866  0.53687440677664089  0.54685901602554166
  0.55673349090358826  0.56671574146446879  0.57682603088063922  0.58769787678745533
  0.59924076453912611  0.60996047508284357  0.62042763289405456  0.63098324635062153
  0.64168579301748097  0.65185731320225548  0.66188989380792318  0.67176650062968468
  0.68170483501973778  0.69189745590389062  0.70243807110719758  0.71298145127333445
  0.72304075002590251  0.73308296163619724  0.74369103356904365  0.75390966664504488
  0.76344676592436411  0.77324978921660859  0.78322619094251400  0.79327985079955410
  0.80361054729363945  0.81374951834653975  0.82430958326125037  0.83475019183174570
  0.84534434396668545  0.85565082344671228  0.86562280209909237  0.87547749333727409
  0.88608802312841117  0.89642054533007964  0.90667436771940546  0.91661327997872433
  0.92686037293314072  0.93733959462488514  0.94794645866892235  0.95860688841396224
  0.96875742336261361  0.97907041684023288  0.98940029040507715  1.00000000000000000
 -0.00196352907360342  0.00961952128918987  0.01937566894310034  0.02973861962432815
  0.04006142874985084  0.05071579069043341  0.06130465303186557  0.07188450380159063
  0.08241673363809568  0.09268895652303676  0.10282844399342275  0.11274594908803379
  0.12226920241650817  0.13154931237533121  0.14093409168405061  0.15071091884656843
  0.16039359918790844  0.16988311166375500  0.17954128499602251  0.18970097190706414
  0.20058100893491143  0.21175458010285772  0.22283852082296357  0.23399383767359103
  0.24526747758877873  0.25654279115734735  0.26754250472736690  0.27847944494316457
  0.28947124897679571  0.29981510629389457  0.30985505074133640  0.31968232325330509
  0.32913101383038945  0.33861390916804635  0.34810499471460365  0.35817382723508923
  0.36886185519557307  0.37922617480324172  0.38923522033322172  0.39932843507668342
  0.40937393935064748  0.41999899918033401  0.43062458984964092  0.44264201925972446
  0.45536130345739495  0.46779016709536453  0.47985106639438779  0.49128948929017735
  0.50245430612974462  0.51319918051881330  0.52357193646259470  0.53388876227793769
  0.54424354911968553  0.55466269927299283  0.56479210315722495  0.57479173851017706
  0.58489622324070978  0.59526374381179414  0.60584879170437000  0.61634663946659196
  0.62684076146858447  0.63746910969963788  0.64823433311147338  0.65897440816147446
  0.66954279355785784  0.67963671272752768  0.68955284022818064  0.69923242453398060
  0.70898221602811173  0.71882242801502805  0.72887351236149833  0.73956527526630145
  0.75049694431937242  0.76208292699793490  0.77419721877444958  0.78642680920493591
  0.79856061124638744  0.80981899419443559  0.82049456356233563  0.83069029171057163
  0.84107260033921927  0.85134334939021905  0.86161819487579949  0.87161694694927894
  0.88182771433126861  0.89203245412839061  0.90221297403768475  0.91282462453635382
  0.92309254698397847  0.93336817572563657  0.94475217093718145  0.95663452159160067
  0.96733361388605321  0.97740860316118139  0.98849757860334209  1.00000000000000000
   6.0485936339174204E-036  -1.0000000000000000     
 T F T F T F T F T F T F T F T F
