 -0.00004238206843806  0.00428969754916617  0.01242989278849845  0.02122632022331286
  0.03016656131994587  0.03898969776901133  0.04759443090438016  0.05595786803221194
  0.06426120763245295  0.07232770976801803  0.08030435871700674  0.08817217805150986
  0.09602322405381293  0.10364198930160554  0.11121975549746888  0.11865860513864673
  0.12593023369002870  0.13310746597417106  0.14016528504802436  0.14717529333496132
  0.15422213219850361  0.16123110642860036  0.16814200922501168  0.17504602346382056
  0.18192916187217081  0.18875726322851699  0.19549794514587795  0.20219495166310919
  0.20900770513810851  0.21574530064041525  0.22241880448521908  0.22904630500106338
  0.23570643621911322  0.24249900331647323  0.24933630743233279  0.25613732099890590
  0.26288353904189971  0.26958497114769570  0.27626863199327917  0.28300910625824310
  0.28987259790692110  0.29664574826462209  0.30344073693534518  0.31022095191712035
  0.31698603743798426  0.32382791515285947  0.33076177209830027  0.33778609821744554
  0.34488693398660453  0.35198529162599707  0.35907055057501330  0.36605364875134550
  0.37298625334252233  0.37997543009763690  0.38709320046561946  0.39435110776518795
  0.40171391734414436  0.40913577566626946  0.41660090795076771  0.42427615829919102
  0.43197806125547528  0.43964207627478108  0.44750878100500685  0.45568175697348079
  0.46393896164518739  0.47229563253447537  0.48067549321155062  0.48914539409112623
  0.49771094254637149  0.50633688536808108  0.51504407671105334  0.52392720431508055
  0.53298584777128977  0.54291984462504239  0.55286821095279415  0.56284961559715974
  0.57296930698281534  0.58326399856418187  0.59361845241634581  0.60406918367432250
  0.61520183074497814  0.62726888508741430  0.64017236341157824  0.65358002297421647
  0.66729214074468957  0.68151006797958580  0.69621520300317963  0.71105433323503442
  0.72903685026535381  0.74927278732615965  0.77181176161622544  0.79694407899798492
  0.82490850424662487  0.86176629526650883  0.91763799298801552  1.00000000000000000
 -0.00265758912307636  0.01128429951083905  0.02256112443056823  0.03328397362542292
  0.04362670410741917  0.05339507685860041  0.06310246665685795  0.07298645294246299
  0.08303004724753246  0.09336254161867780  0.10390038184958296  0.11458788323347827
  0.12482203198699759  0.13472922808801471  0.14442955389704357  0.15478525217720471
  0.16534998570468906  0.17564781094516646  0.18529790144865188  0.19564025910836652
  0.20644094713024924  0.21692446188204417  0.22720543175535049  0.23735771839288983
  0.24788852714659249  0.25812204507838760  0.26800626129493210  0.27775319886834798
  0.28733375271765205  0.29705699733623281  0.30679554237090678  0.31682245979841905
  0.32706639165009371  0.33745896989135060  0.34787274109695887  0.35820726120139074
  0.36901532754600402  0.38014707095866002  0.39118450894749912  0.40240623537154280
  0.41360042452099266  0.42420664308758443  0.43468014054274745  0.44499320585641727
  0.45510316776141013  0.46513928590180242  0.47516382156870779  0.48606812971215846
  0.49686254902510080  0.50830080121100052  0.52029928532634306  0.53266406473728656
  0.54483244468696090  0.55624543936423998  0.56716978158609743  0.57786470626657094
  0.58862134023641044  0.59925354538206665  0.60998488482803082  0.62097107749728597
  0.63211398745414038  0.64288704388986218  0.65360438970770396  0.66470703740967996
  0.67602373442174513  0.68763859163852292  0.69952260771522079  0.71105896498350329
  0.72204072616602422  0.73299161645184741  0.74401548734601886  0.75441921615984542
  0.76430188331813753  0.77439627084136742  0.78470207781954648  0.79500648858897549
  0.80492658802535066  0.81488331133693048  0.82468124555144595  0.83464642105014319
  0.84480767646527299  0.85540990879256751  0.86619441735681402  0.87712652390980250
  0.88793230154992830  0.89909829327517643  0.91007209818709656  0.92139385842927402
  0.93294928321955806  0.94355025406688608  0.95370392335984078  0.96348882357742838
  0.97334438128044853  0.98273008587980848  0.99148548666164904  1.00000000000000000
 -0.00213456442058395  0.00948431017655928  0.01955942083381945  0.03058093632696804
  0.04154853636856801  0.05237213916320643  0.06315191355940858  0.07414936693110839
  0.08485147631374645  0.09509265128171188  0.10532636984803485  0.11599905947712204
  0.12702902903626601  0.13808337543008672  0.14890794109176630  0.15976555679547930
  0.17060153992565075  0.18188460621764593  0.19272228727796570  0.20320980637117983
  0.21404030090561069  0.22523900528585925  0.23633770585362840  0.24732052556519196
  0.25849616439100859  0.26948890077465087  0.27958244939991689  0.28925192662508648
  0.29913511462291442  0.30920418300033387  0.31927738264404326  0.32930582024953253
  0.33934426994897060  0.34955429057593163  0.35988125411850314  0.37043937946942518
  0.38103098473144936  0.39154552933719822  0.40157302439589321  0.41113260213325975
  0.42068164886647325  0.43021433525104874  0.43991700284352442  0.44998675605401522
  0.46011549611623687  0.47069522411041809  0.48092494077168485  0.49053101370036628
  0.50003835205670810  0.50940005089166263  0.51871356541495750  0.52829720480732578
  0.53825524548749759  0.54886004693631785  0.56007115088270987  0.57175428980222109
  0.58346209652991121  0.59458127023850538  0.60561512469892242  0.61677870855459194
  0.62771998445573673  0.63846482808019933  0.64960746573107486  0.66104715344531806
  0.67194184105173083  0.68238657595625529  0.69292395506975057  0.70387259435892713
  0.71454020256625039  0.72471246344379026  0.73528698276959803  0.74602800072397313
  0.75691332848964854  0.76793084426722602  0.77889926422147004  0.79005156116045383
  0.80063479202746712  0.81122454400729016  0.82183586774611705  0.83259266822231381
  0.84407158106200664  0.85534851143788837  0.86672733342783259  0.87745918702604930
  0.88771203498524909  0.89806956039176777  0.90846991933016452  0.91870855976617283
  0.92861470189850992  0.93871098277740050  0.94933558243594307  0.95984203813297508
  0.96968482297446945  0.98012341050615270  0.99020217910475328  1.00000000000000000
 -0.00252005179602295  0.00995196687089185  0.02055176275679685  0.03083783044859126
  0.04133661089812168  0.05175716036379192  0.06207728969275768  0.07202226424408509
  0.08189641644398642  0.09160773823827169  0.10108552948949394  0.11081566192484540
  0.12081246580857860  0.13051602405333965  0.14000428772385692  0.14960716131162458
  0.15932725732374095  0.16903273349517450  0.17888149383818758  0.18894473352421970
  0.19891557668161380  0.20882733937741366  0.21895775656474642  0.22962591589162473
  0.24073509231403034  0.25161121723646712  0.26216068992539243  0.27257220684755423
  0.28286492550976389  0.29314859970541213  0.30373553523602020  0.31440830069707248
  0.32523819865742948  0.33633281632956641  0.34757568255217391  0.35848632121561985
  0.36926632405500975  0.38067400669126439  0.39228137361856769  0.40307357170678659
  0.41334853263155136  0.42417199380027942  0.43506217184399826  0.44626539715505337
  0.45731951911009439  0.46893019311322465  0.48006841784773452  0.49057799897732957
  0.50098352035999161  0.51131062600696231  0.52159132230549110  0.53213423932961146
  0.54287897005502184  0.55393861782533316  0.56578691171350959  0.57817918921361333
  0.59015288166201341  0.60116882918896364  0.61213173373290630  0.62285076548183360
  0.63348917212550082  0.64399113589307022  0.65470113755367776  0.66537508037388937
  0.67588236199579577  0.68664303108075564  0.69754113464614020  0.70833527632936999
  0.71873495529361864  0.72906980486395812  0.73949072755590717  0.75002036652765369
  0.76003385274983803  0.76997612034699769  0.77992378869491608  0.78965658327887323
  0.79904845795085655  0.80858061764217115  0.81845137246328814  0.82862449648795067
  0.83852151477352377  0.84837210020840148  0.85830726203949181  0.86854484699561940
  0.87870464362325940  0.88893518702228635  0.89949428844299451  0.91087917233644866
  0.92206710786535473  0.93389193651138369  0.94586592356658272  0.95875643169923219
  0.96905045961190139  0.97974285480851542  0.98979070631926225  1.00000000000000000
 -0.00318467011560794  0.01320585581657519  0.02527080154865455  0.03662515760731858
  0.04806098130193705  0.05950848789630626  0.07068908044262587  0.08184964653981576
  0.09349933795712424  0.10504667579849500  0.11613059898297741  0.12680169751570214
  0.13723527230782992  0.14750324978815696  0.15772783559926595  0.16823901815340256
  0.17910243678734400  0.19017608335595884  0.20114775674410701  0.21177432420373377
  0.22216912369499436  0.23227390992961383  0.24230422485223252  0.25268664925239070
  0.26301507720221678  0.27306655651590878  0.28314786087681609  0.29348651238027845
  0.30453164273139577  0.31506545472621539  0.32527931099006824  0.33542065434648760
  0.34542566711666073  0.35546781021459800  0.36515972922742274  0.37481463187516945
  0.38549582135061156  0.39624168867842063  0.40693224378175530  0.41756270379230709
  0.42805661586527499  0.43834070972507533  0.44857014611405616  0.45876511007944709
  0.46877860113551412  0.47910135863685627  0.48974107510846598  0.50030536983591811
  0.51053855392750158  0.52070073597339450  0.53090422013445615  0.54126833949390152
  0.55200828927277568  0.56282806182776179  0.57323910924413013  0.58408555092752157
  0.59514853296286863  0.60585974236887852  0.61577712126476336  0.62555521120389868
  0.63548510784812950  0.64541351810771330  0.65497795082295684  0.66454662269498588
  0.67481080646696989  0.68579830371477135  0.69644715754298825  0.70667191436383714
  0.71728032766429528  0.72748203891389340  0.73778183903422956  0.74812672868493546
  0.75842463528998938  0.76868181588223550  0.77897300378085288  0.78929107467993365
  0.79931497119139927  0.80929869982422409  0.81950882416998372  0.82991292868073863
  0.84022307573470245  0.85067446778140043  0.86143450527714516  0.87265266997040203
  0.88447315833676055  0.89654134179000355  0.90768431557551310  0.91851623263386151
  0.92931987922094839  0.93988047142473408  0.94995733490763956  0.96040185756121410
  0.97054115448193634  0.98068970815512846  0.99021181928643887  1.00000000000000000
   4.4357492711455932E-034  -1.0000000000000000     
 T T T T F F F F T T T T F F F F
