 -0.00000054579202877  0.00009518468285057  0.00048216688210836  0.00120065082595391
  0.00226057359911606  0.00363564799122233  0.00532078176266168  0.00725209406759050
  0.00945692994677756  0.01185661515167994  0.01447484325175233  0.01725725954512905
  0.02019507082639191  0.02334063851728345  0.02668884652688906  0.03020736156408461
  0.03384274041217118  0.03777239858534994  0.04192832177190525  0.04625149084166040
  0.05074621034419170  0.05521481379149393  0.05969879951338836  0.06422740286090597
  0.06888788913757672  0.07373145371437717  0.07862559261218977  0.08387896251406091
  0.08893535136032273  0.09427122303486583  0.09961846044709005  0.10495282144331639
  0.11053507070184466  0.11624363176341906  0.12203300607018323  0.12791372613642979
  0.13383289501763693  0.13970752096035491  0.14564689587765806  0.15181942194000028
  0.15808974412528212  0.16441527042617901  0.17061639884227536  0.17727218558908700
  0.18397714564422443  0.19064815440906707  0.19733792500401015  0.20417804131387787
  0.21120939842807424  0.21829056976570757  0.22529436448597046  0.23245238545603977
  0.23990346376214644  0.24759412025276561  0.25538611210248724  0.26316069139907600
  0.27091816473819202  0.27880354330450641  0.28718950293625722  0.29565308570292403
  0.30412315440066895  0.31258958572870810  0.32107086690660874  0.33013786550142604
  0.33943810638769922  0.34877667636222681  0.35813739416327245  0.36755333628595421
  0.37711253734832240  0.38716790805983803  0.39777824021195468  0.40865576654213076
  0.41968784313291141  0.43080359741368512  0.44199205988900692  0.45339879891955703
  0.46574176631335418  0.47832368360089944  0.49111405506364786  0.50406685898265879
  0.51732578025304432  0.53191423478531363  0.54710191380492601  0.56286106954886650
  0.57904755150468179  0.59575483909582749  0.61312986609601439  0.63189210270742302
  0.65434083206248628  0.67813804165259262  0.70421337809072548  0.73356104169394376
  0.77413240224131952  0.82036843636799661  0.89317107651120131  1.00000000000000000
 -0.00210453834943590  0.00963412567143671  0.02013789305712460  0.03076265762162354
  0.04142197422159655  0.05261846972647163  0.06387525584558273  0.07408143832960994
  0.08427897409084960  0.09518159031909090  0.10595354719517695  0.11578153400515952
  0.12530837489316121  0.13593005160499055  0.14641794484486742  0.15694566222376638
  0.16770390823865564  0.18025653503760941  0.19201506800272938  0.20344040598340246
  0.21443607951218749  0.22522693524378931  0.23545297914063570  0.24518970602287377
  0.25564305808922938  0.26623551938039480  0.27682488722409937  0.28723105188721182
  0.29772002820216958  0.30828427826410210  0.31909726818920986  0.32978407616908662
  0.34010263671013180  0.35039928664103592  0.36042592816495411  0.37027100579215882
  0.37996022841213745  0.38950525598121621  0.39940732285242320  0.40958561781510544
  0.42004010103592865  0.43080049150361249  0.44178010380308896  0.45235715637619978
  0.46227239161439088  0.47176891183534647  0.48168057370005274  0.49263872312374707
  0.50359316252133013  0.51410357487145364  0.52458304753025387  0.53512728638087947
  0.54596782639122265  0.55655150580713664  0.56727780627075830  0.57802795282238117
  0.58817413208418634  0.59852666532617294  0.60919739363794956  0.62019575536908456
  0.63038354496536297  0.64038950262381733  0.65064223503452467  0.66093161256960387
  0.67099011491106209  0.68078822301508390  0.69102694862677294  0.70162872621545191
  0.71215865260740563  0.72295784794062690  0.73359307726962442  0.74444172264378128
  0.75529581324627404  0.76598351021679578  0.77638861098729761  0.78649640966227841
  0.79730001440701737  0.80935637993429999  0.82156719511389098  0.83375766781248550
  0.84483231114904156  0.85574784762800638  0.86604697819063103  0.87648383848030420
  0.88632050754408520  0.89643451834749954  0.90659687950809020  0.91696369410242939
  0.92680461307269302  0.93683453568966046  0.94692324321167498  0.95703676630054135
  0.96727462005237375  0.97784830718311933  0.98883267443577982  1.00000000000000000
 -0.00158584303500748  0.00824007456526672  0.01717693947663549  0.02685575543067699
  0.03678304437151429  0.04719093376230781  0.05805365288859805  0.06931858612357976
  0.08101325529410666  0.09281720077719285  0.10476118777191933  0.11601297803118910
  0.12689889241918675  0.13757234621032599  0.14824867116223686  0.15902747948190679
  0.16986039135480063  0.17982212182625298  0.19032375181226868  0.20104151776764498
  0.21181761628542792  0.22194672339725857  0.23191279568997145  0.24258638290186824
  0.25295603154699869  0.26304183141814569  0.27366290561023199  0.28445414365852312
  0.29477358502678064  0.30421411800538062  0.31384745272360470  0.32323654832141657
  0.33240538671503206  0.34159265036516007  0.35122821748017119  0.36131073681561460
  0.37167129336427596  0.38227773390430403  0.39328879112218618  0.40446886686394945
  0.41556685680989125  0.42602280206922216  0.43612540186252075  0.44611776386637197
  0.45612182362479570  0.46627907851374162  0.47633268210549407  0.48713101215537574
  0.49796124681192561  0.50905901007523380  0.52028674850420131  0.53172544376625508
  0.54358240792162327  0.55537719767745453  0.56647128168087424  0.57701835252351574
  0.58751801863394149  0.59797963290401623  0.60870944400112670  0.61971727670556143
  0.63068789207257048  0.64132758638470433  0.65156884798087245  0.66189096662001068
  0.67259062639250067  0.68330008917771101  0.69381232760406142  0.70410759544480395
  0.71468002508213735  0.72539793797714580  0.73564984223955365  0.74557403727343197
  0.75571441867226929  0.76607291818926615  0.77632865186685329  0.78633144690917278
  0.79704714488107997  0.80837410303165103  0.81944148376167358  0.83038303983016004
  0.84163922770333854  0.85285632997959326  0.86353243578493388  0.87409684307448099
  0.88487114141209056  0.89589011598025559  0.90665265174426235  0.91715751430136372
  0.92771691616813157  0.93813021129253138  0.94864673373933828  0.95902464050829450
  0.96936234563053481  0.97947136319263828  0.98953196194608151  1.00000000000000000
 -0.00226333353663254  0.00884904222174697  0.01831777404550676  0.02855343349388183
  0.03871050193427855  0.04876770092293344  0.05875899422431481  0.06926863279766764
  0.08001592206556728  0.09082241077047341  0.10157546347278315  0.11260636508086305
  0.12360858339033731  0.13490507890201259  0.14592182367881240  0.15658354856375611
  0.16707641093349304  0.17750702130060272  0.18780921226047903  0.19780439644003797
  0.20769883842287939  0.21801767733954636  0.22881236502229033  0.24011200333581562
  0.25112872062834879  0.26156501935329574  0.27153049653157063  0.28149511377038172
  0.29172505061893200  0.30225385004984073  0.31276441362218144  0.32294892441782896
  0.33314901618412140  0.34376565724019559  0.35477839903189762  0.36566416404626056
  0.37682521961252735  0.38859376685518571  0.39992314711054677  0.41014431018171899
  0.42056756725616889  0.43145010403734707  0.44224292072270566  0.45288589090363846
  0.46358734417073677  0.47459579548778319  0.48549658895153491  0.49659337001625353
  0.50750277726327919  0.51811298395139405  0.52846034501498751  0.53896942381063884
  0.54977399067364874  0.56057175755577637  0.57074435197095930  0.58079325830346284
  0.59099061992761892  0.60179929897234430  0.61226101812426525  0.62261048947910091
  0.63250984919606368  0.64261276246378296  0.65259426628340966  0.66229925198974582
  0.67173746895760900  0.68067080677686675  0.68979793275852097  0.69861790280554414
  0.70754938785297394  0.71647855065816979  0.72557708702358648  0.73527145047977693
  0.74597938053139567  0.75739124552145809  0.76906563901797709  0.78009970818822805
  0.79067850253257232  0.80142115456982654  0.81242485706398060  0.82350160793771243
  0.83442038986824552  0.84582688091504254  0.85693869495804609  0.86731358924035007
  0.87722532957774069  0.88707105882520343  0.89731783455426872  0.90737762242771169
  0.91730584640127844  0.92783846228587352  0.93917107169635539  0.95176477833313389
  0.96449730849037918  0.97669808557933524  0.98860144723338828  1.00000000000000000
 -0.00258576896140137  0.01022835486029769  0.02101634595480256  0.03105430429014020
  0.04115972417146053  0.05184110914300821  0.06273470926517573  0.07370948633193540
  0.08452393511440506  0.09627414747556477  0.10758545195951320  0.11829140002916913
  0.12878582574471945  0.13867246862428348  0.14843288337903204  0.15863027569815430
  0.16878020027943735  0.17985165674084944  0.19055126692785737  0.20141879353068859
  0.21171375029001221  0.22222887876334138  0.23268671070390118  0.24309516682785040
  0.25346308924312999  0.26378233588317535  0.27392441833015013  0.28413319597449688
  0.29419959217801173  0.30440617624827787  0.31462809447153667  0.32494674014105523
  0.33529571332795133  0.34540901691722653  0.35572634102208439  0.36613010202954738
  0.37656645381498838  0.38710926487056352  0.39779408851314335  0.40861940337061575
  0.41983883919324733  0.43245457841383389  0.44453739782485885  0.45632367059584150
  0.46815749448524324  0.47961509842715305  0.49029474810203483  0.50058611926714414
  0.51113594462516365  0.52167987623664969  0.53236599331579371  0.54308968825111514
  0.55379410661023976  0.56408350003100394  0.57414773017357446  0.58424016614037932
  0.59431954525098141  0.60423053336088872  0.61423985646768087  0.62454510792533291
  0.63458172206533781  0.64454042781533383  0.65454538088462932  0.66462435104826190
  0.67484510089178229  0.68499110310107192  0.69527571124805732  0.70569431444736030
  0.71653290283277837  0.72755676189388885  0.73819481544540611  0.74870527306477108
  0.75913713475679379  0.76963782082697596  0.78008659009853876  0.79060042882906667
  0.80127464682013361  0.81224799265796110  0.82219066069812563  0.83221737788066086
  0.84219816440044681  0.85233609526144560  0.86259837182113475  0.87286381139634595
  0.88347439427080088  0.89458737847543235  0.90546332651007655  0.91607585133043612
  0.92655292260676081  0.93679687962774560  0.94677306213045542  0.95686863667019684
  0.96729992381986629  0.97828500895376436  0.98922973217394516  1.00000000000000000
   7.8379328476211851E-022  -1.0000000000000000     
 T T T T F F F F T T T T F F F F
