  0.25263605101694342  0.28139946611558136  0.29689117423558653  0.30829573410997674
  0.31821955411132036  0.32717684731389135  0.33544720199102940  0.34317004023202519
  0.35042266236989911  0.35736050575620804  0.36404833649243690  0.37051797160433891
  0.37678831768923277  0.38289784339519306  0.38886487019416405  0.39470488116361918
  0.40040829169180431  0.40598793691992935  0.41147554855592217  0.41689852676123529
  0.42227099140464813  0.42759211295651395  0.43286252355819427  0.43807715705733058
  0.44323317853277872  0.44833159563990749  0.45337873873424439  0.45838227078654598
  0.46336090708034300  0.46832419262357611  0.47326355688489963  0.47817671925721500
  0.48305833754136845  0.48792652264361402  0.49279649266073799  0.49767077748209942
  0.50255299962711197  0.50743000117491444  0.51227043668741157  0.51710075727458193
  0.52192982045200620  0.52678378510354928  0.53164461974450139  0.53650928173522250
  0.54137865770672911  0.54626300519363324  0.55116765267590406  0.55608586427637274
  0.56101934528553676  0.56598162600194912  0.57096644805601837  0.57597969565970020
  0.58102233292772987  0.58610385313624180  0.59123399991858450  0.59637555261826347
  0.60154076547856949  0.60675705291742033  0.61202101679830745  0.61732242358906242
  0.62266265919080777  0.62805216951323861  0.63351327573092886  0.63905795384091058
  0.64465794751485039  0.65035370771064460  0.65613056278709359  0.66198576149658928
  0.66793034182795297  0.67397748823310477  0.68013682505859463  0.68640704880155645
  0.69278090891796906  0.69928145645506434  0.70592909635708867  0.71270052661736027
  0.71961735982172337  0.72670545058533320  0.73400126048480474  0.74150731542322834
  0.74923350005729172  0.75723707226001735  0.76555567969939409  0.77424978633373964
  0.78332787523738190  0.79284571012647753  0.80286299018992469  0.81351216978608099
  0.82498925814705837  0.83742800116239746  0.85109110373524699  0.86644221882188799
  0.88435571184273876  0.90642606876933673  0.93827812218619266  1.00000000000000000
 -0.00241433108574360  0.00960588880975005  0.01980613497329151  0.03055289689535634
  0.04117900427843891  0.05173270675633550  0.06199031368461819  0.07234994537024018
  0.08281214354740489  0.09356076754183656  0.10416283024726811  0.11446789688602919
  0.12466187547731702  0.13527988164892085  0.14577949068830390  0.15633975385016066
  0.16699034340348504  0.17778944797218282  0.18867454675076542  0.19920286515892380
  0.20970289782587245  0.22011041138851570  0.23047290723429922  0.24094506067598037
  0.25148902799818751  0.26225668581116962  0.27282047580667174  0.28333485956979926
  0.29378574064807300  0.30460366035913988  0.31538474850166937  0.32614902944422741
  0.33675127608266958  0.34714117807268413  0.35773832115636522  0.36829113964124038
  0.37888056360971228  0.38923934675970273  0.39960650796896485  0.41016977142174710
  0.42091122110137635  0.43180061927679997  0.44290062078196979  0.45396613161743821
  0.46477963818101042  0.47536493112115258  0.48599541267688856  0.49657229875223813
  0.50733249357110988  0.51823554943142836  0.52912201929819935  0.53968444824100592
  0.55011580337397481  0.56050802614091100  0.57092100305848603  0.58115919089495460
  0.59153219051159545  0.60202430598812595  0.61268738166359649  0.62329929542865048
  0.63390400945463887  0.64453621002259520  0.65535816326608032  0.66621576016167217
  0.67695414032289436  0.68756426753160338  0.69813617590029720  0.70866832940015911
  0.71931869081103983  0.72999923172094505  0.74067623832445273  0.75113546353085969
  0.76147144517255894  0.77187037324365382  0.78248296142544416  0.79326085684409564
  0.80400817342582309  0.81454127367462370  0.82487998044580568  0.83508611279103362
  0.84518904976980413  0.85530278751846367  0.86547422293416854  0.87560327702687468
  0.88573234170298476  0.89577318551013863  0.90590224585211931  0.91587087993844696
  0.92623138378653724  0.93648562173221073  0.94732708882389527  0.95781923770790689
  0.96848284648821814  0.97896102989600409  0.98956869119068180  1.00000000000000000
 -0.00242538648813363  0.00952026314058703  0.01960328767891980  0.03004616534663180
  0.04060745632514164  0.05145712055630847  0.06233643381273489  0.07294323794847221
  0.08361746428133782  0.09430776735807064  0.10489577319469044  0.11519634150291296
  0.12537105618465832  0.13558803675058897  0.14577079523476880  0.15599668859430169
  0.16615597624776443  0.17664916596562383  0.18705066540555959  0.19760669668012651
  0.20801978485601708  0.21856320941711951  0.22914860135874507  0.23967184309297940
  0.25023859982707869  0.26076318524723024  0.27124827721068318  0.28161407940345662
  0.29192433017506131  0.30223726807473145  0.31253117263327673  0.32285865571943523
  0.33311121018825890  0.34322576822209788  0.35319536004313740  0.36335913987641177
  0.37368017966532818  0.38421520541054244  0.39468677458516854  0.40496747225701529
  0.41521145129552078  0.42549833505677581  0.43597244357058634  0.44637317337717014
  0.45675838807734898  0.46718380374498863  0.47760642617501170  0.48807565850745305
  0.49880770664874757  0.50965668606237102  0.52055006914696600  0.53142656965124324
  0.54225718771891807  0.55300445004988430  0.56366551945518051  0.57439603238527981
  0.58507132657201721  0.59593773466395628  0.60667305476513322  0.61730617535496168
  0.62801414863519578  0.63899793360722035  0.65002915595514299  0.66067142053612893
  0.67146679121930686  0.68226771634758565  0.69302100704832015  0.70363247269014206
  0.71432956151444005  0.72520711907456603  0.73578199341901984  0.74624265639313814
  0.75660379996310012  0.76707097646765110  0.77774630556520064  0.78844787418482842
  0.79920738097536870  0.80983216997799912  0.82042726353710860  0.83100311711042529
  0.84151858294547455  0.85209096644558036  0.86271657652009315  0.87333716154243768
  0.88389806252247238  0.89461021771806071  0.90519342858926888  0.91593301857348197
  0.92627260676913092  0.93685128707949616  0.94723079581739977  0.95762330151272157
  0.96791976308425909  0.97844605776376814  0.98917116627574819  1.00000000000000000
 -0.00206011979633880  0.01026211476350962  0.02095412163631209  0.03142793622621801
  0.04225098143614963  0.05281893006523388  0.06350418969423162  0.07374924077633396
  0.08400061883161543  0.09454078531380938  0.10516139676349248  0.11596195233492118
  0.12647328902868049  0.13728968947764003  0.14799179833630249  0.15838379154724561
  0.16868488811562454  0.17917980337412001  0.18963838702014826  0.20000558661704068
  0.21037659861223029  0.22078729769528224  0.23098144309248217  0.24113496103506460
  0.25135849798536253  0.26182055599256698  0.27213430556862062  0.28239196773642239
  0.29266563437630716  0.30322205534204733  0.31401655951591118  0.32475153309592475
  0.33526365421586524  0.34582145384842361  0.35614460294699196  0.36669579103331768
  0.37719586709277547  0.38785605350222385  0.39836804645279217  0.40875347723849365
  0.41913077055066389  0.42954660395221933  0.43985791625654014  0.45030725583058145
  0.46057021845779667  0.47111301617833129  0.48153137500447807  0.49220953269587897
  0.50277008135175716  0.51353121971671856  0.52432359496362468  0.53529823895200468
  0.54626926089100125  0.55739467707330903  0.56846664717246542  0.57938455394539756
  0.59004401739363554  0.60076523656363834  0.61153747772545075  0.62216917869616917
  0.63269701354894869  0.64335722195193434  0.65408725310856808  0.66490830675779100
  0.67546340625660406  0.68603518829463306  0.69643640502052495  0.70691610054149734
  0.71730301119104667  0.72783779825216166  0.73818877306739328  0.74853868567421467
  0.75886341967730597  0.76924274463488329  0.77981747171583315  0.79048805396484900
  0.80102504120628981  0.81154006270970269  0.82194422137017398  0.83247033991772024
  0.84265070802151409  0.85307215137197934  0.86368133383791046  0.87429875375326227
  0.88486150048737189  0.89535204175760286  0.90572965001812233  0.91618874859193489
  0.92654784359177644  0.93701241475570518  0.94746880803120481  0.95776505127898703
  0.96827691014478467  0.97863199498618059  0.98938510847468708  1.00000000000000000
 -0.00236293742210245  0.00958629663155226  0.01994856232450733  0.03060956159578388
  0.04135556379469087  0.05191608139675458  0.06247534028094952  0.07311861091680234
  0.08383275897229872  0.09431224955732485  0.10479109669295963  0.11533498802103087
  0.12597407651163289  0.13655787797868740  0.14709943980513132  0.15780836107310572
  0.16841102473153155  0.17920634542391117  0.18983649052022153  0.20051772701830553
  0.21100861924376449  0.22161639370125955  0.23213764851160465  0.24271020591454584
  0.25329074543273977  0.26391791065700276  0.27437299780857471  0.28463563775950057
  0.29496361832162044  0.30551233392869731  0.31621769689477519  0.32688619469526331
  0.33734741357692355  0.34759177439718525  0.35783822145878341  0.36833074729163690
  0.37897117330042984  0.38952579580966051  0.39996536556714718  0.41046722835394717
  0.42105736498916985  0.43167309599553910  0.44244571503001368  0.45328417776385688
  0.46402605420370019  0.47478498163141636  0.48549666870168651  0.49598749169926570
  0.50631005156396425  0.51666677646670256  0.52702625013858129  0.53746713752551079
  0.54782999607900906  0.55818477338757289  0.56849764392197955  0.57874807906592640
  0.58911840533573312  0.59944335942106486  0.60990001461551879  0.62048940250806806
  0.63102582752127867  0.64144961397331390  0.65193004376240882  0.66231841783526235
  0.67278262155253910  0.68312438249470719  0.69350537395242495  0.70368176519336578
  0.71386568141562845  0.72402511965617911  0.73440151452694891  0.74496143695394013
  0.75597820706445196  0.76688307182207427  0.77767819445583897  0.78827417610195971
  0.79934119661848346  0.81048530493136117  0.82149389037303033  0.83242727069195954
  0.84289749552744375  0.85320278668874561  0.86312948785333887  0.87316044049031849
  0.88367310162493662  0.89419060024616370  0.90488992518565659  0.91533331827788167
  0.92613493325863483  0.93679815422150803  0.94723512577721392  0.95759813603890387
  0.96824763812960912  0.97900310631770748  0.98955120646728845  1.00000000000000000
   2.3226050029412479E-029  -1.0000000000000000     
 T T T T F F F F T T T T F F F F
