  0.87668035718049142  0.88971594066395332  0.89208152433944443  0.89418484275272869
  0.89592488651015390  0.89742537231096819  0.89873187665594934  0.89990588597880172
  0.90102465888074434  0.90208462453169103  0.90308773050756086  0.90403476690773321
  0.90493613700802411  0.90579445652785384  0.90662579308208269  0.90744998311719727
  0.90827515269174997  0.90907950004719884  0.90984560039387041  0.91057637658795343
  0.91131319600825955  0.91206958232944413  0.91281950002781242  0.91353693808931269
  0.91423083855079113  0.91489836280734849  0.91555065006537584  0.91618209774133907
  0.91681374468922017  0.91744413331182961  0.91807147057992022  0.91868528164621510
  0.91928620955117124  0.91987651808971860  0.92046299870044912  0.92104772941452939
  0.92163567280607883  0.92223105488802770  0.92282323473528549  0.92340619979392680
  0.92397411180211020  0.92453417467739318  0.92508895905377353  0.92564041586534607
  0.92619014708993086  0.92673547962374037  0.92728243840607805  0.92783361465387704
  0.92838545142911777  0.92894318688036481  0.92950987476197333  0.93007304103737831
  0.93063891141001254  0.93120023355444814  0.93175769816975251  0.93230600361145666
  0.93284853822430835  0.93338528600983905  0.93391433108485733  0.93444191454621661
  0.93497619901606088  0.93552006910858543  0.93607060779033591  0.93662439083556448
  0.93718215046385811  0.93774636828329772  0.93831743581236016  0.93888057893781018
  0.93944844809397277  0.94002210638575068  0.94060439363658943  0.94118685318894590
  0.94177231821116680  0.94236158546429283  0.94296155787628910  0.94357282337161930
  0.94418089502816738  0.94479172372927334  0.94540297162603915  0.94601826395484345
  0.94664241680134986  0.94727539568408881  0.94792078233378774  0.94858038040691084
  0.94925726161183244  0.94995709990286892  0.95067497737746742  0.95141857769058602
  0.95219278909152827  0.95301083603560377  0.95388317940073075  0.95480976042677390
  0.95584684700669631  0.95714166750266472  0.95833698151300983  1.00000000000000000
 -0.00217601601714770  0.00886482732353149  0.01868859892370103  0.02939091170136377
  0.04010143660169996  0.05063957571397050  0.06097170506195092  0.07128079523475439
  0.08123947107202753  0.09117885847373813  0.10109124124713945  0.11168512309833706
  0.12274994946285331  0.13416135503269810  0.14557574632457024  0.15667648353587335
  0.16769554647577853  0.17846759825055306  0.18897997824644849  0.19941933936531753
  0.20979303914694086  0.22030238228973367  0.23086802389382721  0.24154198255387643
  0.25224660617381045  0.26283755625512040  0.27347425894687832  0.28423839356380948
  0.29503174526235182  0.30558456363355807  0.31618328458678396  0.32700236699426166
  0.33798985605115767  0.34862193253784729  0.35887586692839074  0.36916992760011491
  0.37946792167168752  0.39012057197729783  0.40066355164794715  0.41123175737433482
  0.42172312191400263  0.43207562906585489  0.44252233149728881  0.45298490634069755
  0.46351707641609141  0.47406818331485368  0.48462346606709827  0.49512912147317245
  0.50561390612904289  0.51599689948152527  0.52641293413314283  0.53681006313497293
  0.54720143405224242  0.55771154632198494  0.56831699060560670  0.57881202371509355
  0.58948293799044404  0.60008971495030738  0.61086622716859840  0.62144378482881513
  0.63215079503744998  0.64297603355790867  0.65374500742577890  0.66447354431469119
  0.67530437165285495  0.68594351947208498  0.69631542791424339  0.70659452696068403
  0.71710473606869363  0.72772465069320436  0.73829234345721539  0.74886509483639740
  0.75947156683713901  0.77006365661854304  0.78039100312196930  0.79068090496117593
  0.80113982636755798  0.81154923459200545  0.82202534978336239  0.83254293019235837
  0.84333234963112891  0.85395322963751696  0.86439485306146846  0.87488762669510278
  0.88530710824731307  0.89566196842342327  0.90571656792864019  0.91593990738647590
  0.92611991374747482  0.93636683675304444  0.94667298147074763  0.95696363329003409
  0.96780181258942943  0.97852864396808525  0.98941825301823449  1.00000000000000000
 -0.00187786686853056  0.00996612049330103  0.02044551198965479  0.03142742109194246
  0.04233441484601516  0.05269869834889119  0.06324997987948462  0.07378053712509607
  0.08423741553399036  0.09436902598706193  0.10421871331270957  0.11465472160420406
  0.12506452978968541  0.13530366122438819  0.14540367897994363  0.15533913021680607
  0.16551259226647216  0.17582337817185520  0.18638330703705286  0.19713528532327060
  0.20792463417285353  0.21841164142098768  0.22847141247220781  0.23833944610423885
  0.24852346456425095  0.25910033230090213  0.26965466361022467  0.28007901741625096
  0.29028392889927140  0.30083057123667828  0.31142982715601825  0.32224221440908069
  0.33301367215450817  0.34372365996349286  0.35437076738420759  0.36498820983179725
  0.37566904087972042  0.38625449406263490  0.39686714843950316  0.40715614465269856
  0.41756403017989813  0.42780277774270803  0.43830862181949853  0.44863892050878801
  0.45925654266039401  0.47002613063746440  0.48086277803254285  0.49131661778226110
  0.50178611643179527  0.51240864299760247  0.52314908011742034  0.53397397400733437
  0.54456127148035915  0.55493963047124428  0.56491604843339993  0.57534027217622075
  0.58588810307481642  0.59708821923767941  0.60796015025969474  0.61899186418521279
  0.62991759900553368  0.64098773750147331  0.65196141870993385  0.66277862277967314
  0.67349336657498737  0.68435162703635888  0.69513978573079893  0.70567068247018594
  0.71598090510562429  0.72614691068942094  0.73648066452938699  0.74699933201973334
  0.75771616379157947  0.76813883671685046  0.77847807314683604  0.78878572043869599
  0.79912234454242570  0.80965852955364326  0.82019246594487405  0.83073460834915347
  0.84152280331738949  0.85237053050296485  0.86335434296271485  0.87411317808952127
  0.88473187328307945  0.89548147964477942  0.90596737033460695  0.91670754625013573
  0.92731775718928022  0.93774692283694550  0.94820982079024752  0.95854210853835964
  0.96899364699595159  0.97921983811619495  0.98964379230434218  1.00000000000000000
 -0.00252628392569491  0.00951942629759429  0.01963732556228534  0.02995756412233486
  0.04020361469896879  0.05047785617031925  0.06090601451327596  0.07151405951085396
  0.08187428058933380  0.09267203340669952  0.10345347168622958  0.11426895541017033
  0.12482659002118354  0.13531525275291351  0.14594987030498471  0.15614134404871013
  0.16609475682347868  0.17627272367444272  0.18650647137343315  0.19728722329898415
  0.20828517663613769  0.21949989238942391  0.23050321572953048  0.24136668724730756
  0.25240272534964231  0.26349658609679338  0.27478371797856133  0.28574009476262940
  0.29654438869283473  0.30730171386112232  0.31798788563888786  0.32873713419146500
  0.33906729536963948  0.34967382369985273  0.36004852416059779  0.37029180091399133
  0.38032876585281561  0.39057966695443275  0.40086390357800600  0.41137134665245723
  0.42186166138843367  0.43257833674179408  0.44351093346991188  0.45463904039260050
  0.46574328634771966  0.47685173208024295  0.48800825119126018  0.49888912241672928
  0.50935129883163321  0.51954370142408801  0.53001113527743571  0.54023107057361586
  0.55052525739364777  0.56094692609908425  0.57144578696143411  0.58195829718112568
  0.59200410960493421  0.60250541092007526  0.61288748416955052  0.62338294300435526
  0.63364250357652718  0.64363878882509951  0.65392389218941982  0.66411153852728555
  0.67484634323624904  0.68539655546052658  0.69579493667414438  0.70598331364301936
  0.71626898399857608  0.72676492701916295  0.73748778387294511  0.74830083000068814
  0.75912036785767922  0.76965015035271089  0.77995930375730493  0.79022325573724272
  0.80046519545786354  0.81075918660517809  0.82086013382163903  0.83114858393247859
  0.84137164437677958  0.85160181730914264  0.86188662586363374  0.87240501802417980
  0.88309145653061327  0.89393155039344008  0.90439035447701377  0.91478627589259598
  0.92502046437526142  0.93545427180669116  0.94583560523761989  0.95627016498925432
  0.96703162032215795  0.97814863520461781  0.98912070219531634  1.00000000000000000
 -0.00239536556776503  0.00911528064856223  0.01907863140008764  0.02976523102406639
  0.04037226348334686  0.05120795087417940  0.06207889201915563  0.07285320460538185
  0.08355302818098399  0.09436861083276894  0.10505732206996655  0.11561947366728600
  0.12605631377492102  0.13674553210525497  0.14766157922555273  0.15843346224314425
  0.16903421850388561  0.17934425310380020  0.18995974351955991  0.20051014903629563
  0.21093917890561392  0.22087476096281070  0.23110124425190035  0.24163915361034954
  0.25277345639190302  0.26352251063261978  0.27396905886972966  0.28409848687598266
  0.29468113552164266  0.30529785539005933  0.31606122318085189  0.32651030437248274
  0.33716517404498442  0.34806911343078617  0.35883156490115231  0.36981436637254833
  0.38069112265622124  0.39157201802834607  0.40213330086911470  0.41215008187210356
  0.42213399517030203  0.43221716198738752  0.44291731529160977  0.45400416174122704
  0.46471420292369425  0.47531232922243016  0.48593193894011866  0.49675534826863332
  0.50715783130899061  0.51715456108536917  0.52699651295134786  0.53692333961069849
  0.54691033387637134  0.55720870983835324  0.56761712430522970  0.57823523693804368
  0.58887967935592644  0.59977119930570244  0.61038400311254370  0.62115127619862121
  0.63186426564071352  0.64253214287689686  0.65305610961398608  0.66338241775577123
  0.67399011299431255  0.68452066550000046  0.69530457070166296  0.70595183002539297
  0.71672450287741529  0.72736350841911834  0.73796716748769042  0.74855863063029759
  0.75926100519502171  0.76993567974117116  0.78042511339779996  0.79070571888623875
  0.80130972326313887  0.81189491573557127  0.82274147049615731  0.83349846003897921
  0.84430361420980649  0.85544262620633127  0.86648559475007880  0.87730779405739312
  0.88776551358888067  0.89833916591735696  0.90917794550804998  0.91986079506611340
  0.93005656859458397  0.93997498653471423  0.94977983477838568  0.95991598569009318
  0.97005222029721794  0.98034851411625723  0.99019379091611004  1.00000000000000000
   3.3842127910473985E-031  -1.0000000000000000     
 T T T T T T T T T T T T T T T T
