  0.25557705779526790  0.26210174063209990  0.26884015362926639  0.27479119030846544
  0.28036140608505927  0.28558980181845289  0.29060586530869853  0.29547135963137239
  0.30023417936960639  0.30492317366531307  0.30954526770668267  0.31412131674615484
  0.31865706748997830  0.32314763792646317  0.32758143178969190  0.33197199077924661
  0.33634662225352796  0.34072485215859177  0.34509667139550010  0.34947960958717650
  0.35384897032958601  0.35822209244163872  0.36257344191437318  0.36690663383357591
  0.37123830334174251  0.37558259592344284  0.37995534552975918  0.38436976322479610
  0.38880225144278002  0.39326015443382045  0.39773859983105375  0.40223333838439124
  0.40674976858544004  0.41127365640755564  0.41579891483698284  0.42033594228622184
  0.42489725394155309  0.42948967620288542  0.43409405154303249  0.43872677136083826
  0.44338600998855643  0.44806300096732538  0.45283435480751288  0.45765812982287402
  0.46253329818397054  0.46743234458866623  0.47238272641695855  0.47739030467707355
  0.48244920873036956  0.48754778830775442  0.49268750614515133  0.49785632370663663
  0.50306184131216303  0.50829565948020694  0.51356237932138504  0.51894178765694232
  0.52446785662043882  0.53009883773498667  0.53576171157288222  0.54154164703071450
  0.54733504715086556  0.55327355692129820  0.55928322309409895  0.56535051573581996
  0.57151315519267709  0.57781803916849583  0.58426684787998917  0.59090646200772523
  0.59766994553177388  0.60454755936110227  0.61148583183808003  0.61854993139438263
  0.62577879119844104  0.63316629496478660  0.64082457955993311  0.64869529654610802
  0.65673073635197721  0.66498059918634012  0.67346979717050437  0.68238811236031394
  0.69167353760234995  0.70130374607993384  0.71122986975807911  0.72150523358912966
  0.73231291228491269  0.74384480442582657  0.75619691656095767  0.76937623423707213
  0.78324432826294921  0.79807304374982024  0.81443820415069845  0.83320934468690688
  0.85519511689360483  0.88200076529558658  0.92114504169692935  1.00000000000000000
 -0.00201701823145210  0.01038821952227159  0.02073394436711648  0.03158285236804741
  0.04227228837732578  0.05300947062235281  0.06359076850044593  0.07425788424483165
  0.08493463732187072  0.09563450103033840  0.10628200737666227  0.11693780870796243
  0.12751173371216970  0.13804680208642972  0.14850610359823260  0.15912512497412065
  0.16977338906870015  0.18038565534981635  0.19087278873382824  0.20142260896174305
  0.21191275183806740  0.22238507009582681  0.23285181407991426  0.24355592560376285
  0.25423418317225471  0.26501119152055397  0.27573644152844567  0.28637966568348106
  0.29683669136160878  0.30710084585067171  0.31744574454729690  0.32764694164062619
  0.33781920798887649  0.34790792110432089  0.35809160650273386  0.36836571247849292
  0.37862961498799713  0.38880349696592625  0.39900298806992107  0.40922398641767538
  0.41957952712342422  0.42985169400035111  0.44008098707853505  0.45027477026960572
  0.46046044374448303  0.47085002101315071  0.48144203359149862  0.49244561208073517
  0.50341687126917201  0.51432735958298648  0.52506279966636527  0.53568065485686145
  0.54619207691795568  0.55673337466528894  0.56745411720651084  0.57833451905951372
  0.58922863933459058  0.60003526237587701  0.61095810614481427  0.62195553767677825
  0.63278447474384281  0.64361945614116012  0.65444694578807361  0.66531053389724415
  0.67596341950344196  0.68656519189475562  0.69703578895960872  0.70741856686336491
  0.71770125632916082  0.72817134483097878  0.73866073452488290  0.74912978414475051
  0.75960086609195898  0.77008205777476924  0.78068017505934273  0.79135889903803369
  0.80193558971835666  0.81245655754077706  0.82281773298422978  0.83321245180010750
  0.84353929977444753  0.85404772079034308  0.86442756341293936  0.87492249938409739
  0.88536485923681230  0.89587285245410342  0.90614851179910605  0.91632683250474345
  0.92682918208255061  0.93740911783330105  0.94789482269625713  0.95838610494067344
  0.96879606627734638  0.97931665724961681  0.98964128636990734  1.00000000000000000
 -0.00210808041520429  0.00939458785860919  0.01945231520951881  0.02975881794435828
  0.04017964027972860  0.05080832018046857  0.06155976604022409  0.07229603716776839
  0.08305885545118628  0.09371945310759215  0.10410568816692459  0.11430703285475532
  0.12453917357658210  0.13494191199384467  0.14547587773321713  0.15616143729836768
  0.16679332579589995  0.17734792547004705  0.18784253934090198  0.19834082072261230
  0.20881226560462202  0.21908487569543200  0.22937078719113393  0.23982362115486838
  0.25038021017346979  0.26102503628584312  0.27159675239982323  0.28232975025509582
  0.29310512850440867  0.30383387183385169  0.31449434419721506  0.32502911616726848
  0.33556458295531322  0.34617131966387338  0.35698157313065360  0.36771731561117765
  0.37851733599494719  0.38930575883731494  0.40029395594332429  0.41144235530536355
  0.42250708782962931  0.43335786733016646  0.44383771370133263  0.45436366164782671
  0.46492468474245729  0.47560309402435014  0.48633671116696658  0.49720901100379516
  0.50803703285368362  0.51872338037894583  0.52918777194336775  0.53951629022561032
  0.54989342176721601  0.56014641597508452  0.57047283456881581  0.58075056709196071
  0.59097972423186895  0.60140786747964170  0.61170796864690269  0.62203357581700969
  0.63215575935901125  0.64237359141398831  0.65271122414100469  0.66307199445709497
  0.67354808268059929  0.68391953352026591  0.69431662801000849  0.70463400617837957
  0.71510163342768129  0.72547272851507449  0.73594968184846721  0.74632181735853187
  0.75687622508621388  0.76725538696216544  0.77769344143123365  0.78800748167996626
  0.79835789667865642  0.80891368608973813  0.81969194416774682  0.83036770235091317
  0.84100254986559719  0.85157234606551757  0.86227586699926462  0.87284456447560244
  0.88352894781583446  0.89402775139004942  0.90457303017319124  0.91510032696352450
  0.92591619952011073  0.93683124747086899  0.94755449395374503  0.95830043213298111
  0.96884268280868402  0.97937618736925525  0.98972804219935295  1.00000000000000000
 -0.00253460439849128  0.00936504354363094  0.01956412984512127  0.03016923807931366
  0.04083546579232667  0.05126085831646765  0.06171501791548481  0.07223551823737999
  0.08280716303781134  0.09330284310167587  0.10378851756471143  0.11411011550590887
  0.12463086745271883  0.13533924983363899  0.14620406015318013  0.15694499559044262
  0.16746584484874358  0.17802581737866011  0.18843759831196444  0.19887865994931295
  0.20939093326107350  0.21994500351841481  0.23050315676472535  0.24088918862077177
  0.25136598650408820  0.26181646203766606  0.27237727776915882  0.28292877522091803
  0.29354891801625177  0.30410968933539456  0.31460029494964414  0.32481094384385628
  0.33510314045742501  0.34541808148965852  0.35615153875426259  0.36710997836917647
  0.37811628791303054  0.38910382273105432  0.39991306267115445  0.41054518783346511
  0.42099085525570734  0.43148462993697545  0.44201751977487919  0.45244068824223244
  0.46282633207073054  0.47330315457225791  0.48374190154636748  0.49405587738997053
  0.50446422452054418  0.51499818920722074  0.52549008992281176  0.53578142358934611
  0.54598381061681722  0.55626801287847838  0.56661366047120765  0.57697258519586914
  0.58728547471622483  0.59765423569701071  0.60818164297479427  0.61877250454695454
  0.62918181545450258  0.63954146098913500  0.64990219414282224  0.66035113448872729
  0.67084645591415804  0.68139260194642071  0.69189765257675218  0.70234581773503613
  0.71277234174463300  0.72324126371892539  0.73367192505298284  0.74407137388432354
  0.75445012988047855  0.76484619407192289  0.77532323572483752  0.78616512196557631
  0.79714101548954697  0.80808256802997736  0.81871357221233154  0.82925937974474973
  0.83998047821484756  0.85083859673189211  0.86170545422924394  0.87261976774333294
  0.88369793941185903  0.89467709125696826  0.90534652392880699  0.91587060304839307
  0.92632346251300446  0.93684024310682967  0.94736779612561361  0.95801840676313854
  0.96864479630739597  0.97914260462347935  0.98955097658609548  1.00000000000000000
 -0.00256307606435611  0.01000674490924008  0.02024388789838650  0.03086480269109467
  0.04150426945505828  0.05222553797528047  0.06311570696966726  0.07394567995871858
  0.08479236964598195  0.09544148890512644  0.10595745226203865  0.11633995082667127
  0.12660169843932145  0.13687692090262971  0.14739172847695187  0.15801083517826653
  0.16856045586228111  0.17902551421413612  0.18934880521043526  0.19975584297980847
  0.21018712682413224  0.22075978924168527  0.23136311836025736  0.24196167525661533
  0.25260916250313414  0.26317592785960037  0.27359964694647271  0.28407802016663969
  0.29473958921707033  0.30543748133428084  0.31588508289428474  0.32602701050807742
  0.33624902885709929  0.34666424816254016  0.35702218372102068  0.36735121398318926
  0.37760647469559067  0.38806602210730629  0.39850573531229833  0.40879231995955062
  0.41895148283511846  0.42914230634602868  0.43944032331222305  0.44985933731620448
  0.46030339415230287  0.47067729269098768  0.48110437651693216  0.49147722488806050
  0.50189865493837538  0.51231364280923675  0.52283543768528606  0.53339945828554625
  0.54391425797881210  0.55448849600128602  0.56501443035137144  0.57571437283947235
  0.58649579422160369  0.59730913811087405  0.60794238757758035  0.61823655288046231
  0.62855462094288972  0.63911082388961971  0.64989084900865246  0.66084915267168554
  0.67153109480209527  0.68231922112778909  0.69297121992737931  0.70348326162544406
  0.71381399159049841  0.72403484365081960  0.73441653083091729  0.74464946137050747
  0.75498615071385400  0.76544536746103720  0.77586162587551366  0.78635317146363803
  0.79692329743877988  0.80775924033262914  0.81841895398893327  0.82900754991573311
  0.83967347149338678  0.85061364530733086  0.86140302176413031  0.87196321095260254
  0.88265151496194461  0.89344015818267342  0.90416623955200037  0.91491113893923459
  0.92560995162764914  0.93640374300494222  0.94679282365892581  0.95731195518998402
  0.96782808556743072  0.97859605027701468  0.98922956027217235  1.00000000000000000
   2.2284450384557302E-022  -1.0000000000000000     
 T T T T F F F F T T T T F F F F
