 -0.00000017497388783  0.00011107910354948  0.00048239636222114  0.00120338969963895
  0.00227317454116320  0.00362897579526995  0.00525333343781456  0.00716799380989276
  0.00939686546749133  0.01183347064999279  0.01447371996415977  0.01726271846417972
  0.02024014645554965  0.02339805236969224  0.02668957460122952  0.03012568435266757
  0.03374864698470867  0.03751815059559622  0.04150511686954182  0.04568005461592848
  0.04998312430720484  0.05458104200364368  0.05918824099798414  0.06396630575942718
  0.06888143589666489  0.07375956671406492  0.07860915954660032  0.08340685235665403
  0.08828542662282875  0.09339440024847172  0.09864892590103851  0.10399319654556544
  0.10954149161317429  0.11513595571676428  0.12079886668602274  0.12667575777876028
  0.13257619045500343  0.13847704426999591  0.14454905311346486  0.15072856073916963
  0.15700054416941747  0.16338995153073013  0.16992182100393849  0.17656795754874491
  0.18328909100249016  0.19019827007024270  0.19722430760052087  0.20425643677113342
  0.21129289161950504  0.21822822053339180  0.22558057695073189  0.23297745851095811
  0.24043992203725364  0.24794323726938430  0.25553134967809804  0.26328033585025501
  0.27115531404788801  0.27910418441416951  0.28698142791157055  0.29490912303814620
  0.30299648456093659  0.31123292923062262  0.31950790392807366  0.32790240488610450
  0.33640187205308081  0.34531162106385682  0.35444442366666629  0.36377982558631505
  0.37335765037365559  0.38289259863176761  0.39253444418386069  0.40236506730186317
  0.41290775897841725  0.42400472495429503  0.43523939934095163  0.44646410058168001
  0.45823630076314553  0.47068672344947698  0.48388146356389261  0.49770307358752530
  0.51187504658914440  0.52605802577736904  0.54072241993826864  0.55698452711662239
  0.57409886224716877  0.59171657899672414  0.60975743158402118  0.62889055683613238
  0.65133219389384045  0.67602679426217094  0.70212286604920349  0.72981042624270698
  0.76846333713092774  0.81664580422953292  0.88805912093052319  1.00000000000000000
 -0.00288998331218151  0.01074305466108102  0.02154725643351633  0.03356952821629759
  0.04500135864241597  0.05634382772616357  0.06748044822257988  0.07858279635082566
  0.08849334018546673  0.09813594112870208  0.10830902745785613  0.11865446136640526
  0.12836477369577251  0.13733930549892723  0.14609883492050896  0.15527219123369723
  0.16484552939585431  0.17471376385115078  0.18472214203228216  0.19515283583304463
  0.20559524953380004  0.21587186071472383  0.22653619861548852  0.23747891175613403
  0.24858065959558936  0.25862003918175508  0.26909656640289920  0.28000891499604580
  0.29121728401000357  0.30190728311808068  0.31240748619570025  0.32297083466926235
  0.33371990675315594  0.34487506922097089  0.35627824028642607  0.36771561913860379
  0.37905560706400099  0.38991786363094799  0.40045924968828733  0.41045670170560122
  0.42050756608024326  0.43049413069301379  0.44062481124719033  0.45043622033305125
  0.46070232600566891  0.47132731817547319  0.48168029036699173  0.49180531827600277
  0.50241916003140896  0.51397789355182388  0.52554932226257378  0.53694289994836919
  0.54802211990307059  0.55887959407325216  0.56905031139550988  0.57953900743877285
  0.59033523814201727  0.60181226384942454  0.61360700905071930  0.62529704295375110
  0.63666322753194382  0.64755786793439274  0.65830696979036396  0.66873503237141196
  0.67879137857654914  0.68881595870630463  0.69876285998544851  0.70888472558798354
  0.71886492088291576  0.72863111709875672  0.73830457768538005  0.74837492192114607
  0.75896949554928739  0.76964616775252515  0.78033427151321566  0.79136285148500152
  0.80234312814828168  0.81302162825489543  0.82319823652574731  0.83326890540307497
  0.84353570906987052  0.85381987638860701  0.86388994061955426  0.87371277407133519
  0.88320117944154375  0.89244720262266464  0.90193463764916637  0.91143838012041811
  0.92141027809536624  0.93209919911812644  0.94290464868965418  0.95388398440299904
  0.96517652385959618  0.97682738392741519  0.98861842219227536  1.00000000000000000
 -0.00205209471464681  0.00920216950150280  0.01881578839794155  0.02892081128118162
  0.03922807751560992  0.04980737432908482  0.06067418372133748  0.07142849854039561
  0.08188943870209323  0.09228183691453874  0.10279544037639177  0.11339551867858992
  0.12366846735841432  0.13363889135276286  0.14378110905898583  0.15381029454002904
  0.16389975386534142  0.17474512156701277  0.18596729002361020  0.19694866123353721
  0.20759118527479434  0.21862792553333710  0.22984103924400637  0.24031772931466608
  0.25019797476796429  0.26006665559383541  0.26985949973221529  0.27949101780698038
  0.28944402975617062  0.30012500774556577  0.31120651066572724  0.32181221766580204
  0.33228235355890301  0.34257298598200397  0.35294855359123267  0.36338306767924539
  0.37372244816315930  0.38360671247657979  0.39317342230317509  0.40290674172685570
  0.41293517818519404  0.42305784331226159  0.43324648373042340  0.44370146639658770
  0.45428450052702574  0.46456410278652055  0.47453837202984950  0.48448423953418390
  0.49459548669987141  0.50462582888976015  0.51455409346849312  0.52489623484950532
  0.53566657678692753  0.54628469592465689  0.55657627315277636  0.56700245493317747
  0.57798858348439253  0.58899298786855392  0.59995231363391055  0.61149647967391940
  0.62338763502208450  0.63487375726027540  0.64610515170745986  0.65749782641758536
  0.66842945813310939  0.67861249124094403  0.68909686853065155  0.70026453224992014
  0.71169965167896987  0.72294695011503218  0.73418745820100295  0.74515990780993346
  0.75593966604137786  0.76688645853500637  0.77805306168810651  0.78842580158268849
  0.79888947712835168  0.80962889817422390  0.82108828236740661  0.83201021833174282
  0.84214380268397215  0.85250258372962573  0.86267259006999575  0.87311374083792848
  0.88348781716996905  0.89392449233772742  0.90476000276726676  0.91595527991566006
  0.92692557034651935  0.93757266746428980  0.94793590052205223  0.95914633608858491
  0.96917109713420846  0.97965994794971623  0.98957850398517533  1.00000000000000000
 -0.00201360489208274  0.00911500525384201  0.01853575438790785  0.02821689943635501
  0.03776026717154728  0.04741680403999441  0.05764539179081632  0.06799449511752169
  0.07872539695373124  0.08986237937110331  0.10141645770011409  0.11271381540746178
  0.12379820174468777  0.13486957979851050  0.14564587596512801  0.15561729172110700
  0.16525280501104148  0.17536100631102530  0.18554588475056658  0.19578063691241032
  0.20593478980982416  0.21711199350787830  0.22897875719460586  0.23941929522195560
  0.24968090589954176  0.26002174645609655  0.27028706738074271  0.28040537194630505
  0.29100763480875064  0.30125956222360273  0.31122438786616963  0.32053618992325950
  0.33012760359162352  0.33991547670774014  0.34956416338532459  0.35910693267092286
  0.36888457976491984  0.37884240763115917  0.38918724348224909  0.39933414885578861
  0.40956785183336980  0.42038351772145055  0.43213156771958539  0.44370181143559467
  0.45481276418163952  0.46588273184330786  0.47679290403237962  0.48688338587696445
  0.49706604752651695  0.50815445025540384  0.51996488404762997  0.53074631006738227
  0.54084778292766400  0.55126013126596962  0.56191001080891478  0.57203786088304398
  0.58212479814608165  0.59236900040832174  0.60282023438054966  0.61317608352973518
  0.62379469663433662  0.63491710335921447  0.64566585102607232  0.65598703180057949
  0.66647029326690421  0.67773524139189445  0.68871330119342522  0.69906924590389552
  0.70923402093604826  0.71962060971241015  0.73019199426203141  0.74072861361332876
  0.75167484504166970  0.76225757578817699  0.77271842289429149  0.78327812158701171
  0.79408143681211252  0.80499740380071338  0.81604414892934796  0.82729259025511581
  0.83875665142442546  0.85040511512443473  0.86187461042157909  0.87270615898734305
  0.88277791014431606  0.89264300200247981  0.90268430172193925  0.91206439540803030
  0.92148567736238085  0.93104177870655647  0.94147936877982286  0.95248672803736922
  0.96354314737460489  0.97523361192007252  0.98742351455531696  1.00000000000000000
 -0.00187970109283075  0.00900522607247759  0.01868054246013048  0.02892122550108362
  0.03902406769358802  0.04879880893859757  0.05857508087990368  0.06877422968108926
  0.07907748408409669  0.08933689742602573  0.09956767042644944  0.10996404934567217
  0.12029742574047864  0.13038492610112415  0.13968890325210453  0.14876250195374383
  0.15785566683133334  0.16727924378121115  0.17722564246033545  0.18763939490443235
  0.19831557688248563  0.20903176294320597  0.21966956142280417  0.22995010660246740
  0.23992532492831861  0.24991441520937788  0.26032510200892139  0.27085784363418708
  0.28107727805769017  0.29146106123174215  0.30246060077167869  0.31378982924697907
  0.32515553681599818  0.33640889943502922  0.34737556107876594  0.35834514119256661
  0.36958716271418218  0.38091483221107275  0.39202372059448198  0.40288147534261587
  0.41380091841178890  0.42452310871392029  0.43540346924215706  0.44665626604641284
  0.45804478421022982  0.46973300479621488  0.48141664843876059  0.49308931523549959
  0.50432282240526782  0.51580255846619982  0.52690937777636326  0.53793327937344815
  0.54837187127131570  0.55839139838247454  0.56846503193225428  0.57851801322232177
  0.58867610515333280  0.59903690849345326  0.60969732844891211  0.62027825305457518
  0.63024942751659863  0.64025326741999400  0.65065041719410255  0.66131096217377461
  0.67146802433202335  0.68129220948188252  0.69098883250874854  0.70065122311469219
  0.71045860838357722  0.72025335036340643  0.73004566312915753  0.74036670908384361
  0.75094352616696258  0.76213011361079142  0.77322784985984505  0.78471275415735231
  0.79630168633609555  0.80768907942526547  0.81842183158774140  0.82890800841795997
  0.83902989933144556  0.84919345342269548  0.85958057961716106  0.87010488742811742
  0.88122652248082844  0.89197857537954184  0.90290267481244635  0.91329945544028357
  0.92360886405691434  0.93403299281725105  0.94497944286148705  0.95558805898638244
  0.96636224189456343  0.97708682751575016  0.98835592096734515  1.00000000000000000
   5.1726583575756734E-021  -1.0000000000000000     
 T T T F T T T F T T T F T T T F
