  0.25562326764560417  0.26220223564588474  0.26903972502091977  0.27499888303820019
  0.28056578601862092  0.28580416128025210  0.29084830973660036  0.29573038527034523
  0.30047708336322898  0.30513155268513081  0.30972363007569853  0.31428202126547417
  0.31881362907871558  0.32328921802688559  0.32770524106299204  0.33207385835738085
  0.33642455573446373  0.34076631100114702  0.34510671742744858  0.34945632262065002
  0.35383103210322148  0.35819813511885623  0.36255195118689121  0.36689626543240955
  0.37124451685112914  0.37563122593262566  0.38001939933680517  0.38441310837913700
  0.38881905278097689  0.39322018107086509  0.39763749690285788  0.40207822364964829
  0.40652470874950430  0.41100343173061049  0.41551741595824282  0.42004186115516989
  0.42462367730051520  0.42926383935766771  0.43395289120079061  0.43868737498698518
  0.44344740242358571  0.44821461063661616  0.45303202174645130  0.45788546334671715
  0.46275552078349025  0.46766319427420217  0.47264863724477585  0.47769378910835036
  0.48278457453419549  0.48789848820355980  0.49304775335298290  0.49824301856873804
  0.50348794221876136  0.50880532345654195  0.51419178430425327  0.51962815869918522
  0.52513059554522823  0.53073651376894915  0.53642252110390209  0.54219846118023318
  0.54812185141337266  0.55403783139431395  0.56003803588977752  0.56617537336755364
  0.57244041589308181  0.57894464632868092  0.58557382781115186  0.59222904368752227
  0.59893416066829652  0.60574595534855691  0.61267090400846103  0.61971144437293890
  0.62690479887176342  0.63428159957764729  0.64187163822344562  0.64972039515567936
  0.65784172854374845  0.66613241515007660  0.67457843509269577  0.68330746281372845
  0.69234995320851422  0.70184365433375973  0.71165715419451536  0.72186996339448106
  0.73278000046502501  0.74420542513913035  0.75643016460790058  0.76973088132415302
  0.78413568726672511  0.79947178688196507  0.81612315027545235  0.83487352730488396
  0.85666597653689047  0.88415660802173535  0.92338425510580646  1.00000000000000000
 -0.00240062400824440  0.00958974098471248  0.01989513836315832  0.03077837790337437
  0.04149357227099015  0.05182864867393230  0.06215975797470516  0.07258660376335672
  0.08304994278298183  0.09317344731070763  0.10344223048381890  0.11388551368571073
  0.12446461511136177  0.13491203742811247  0.14528750298558715  0.15592396846600998
  0.16669713745971779  0.17749827568812615  0.18800904915100558  0.19834937602818398
  0.20869720848816711  0.21916570404779998  0.22977318162628127  0.24025907470802899
  0.25063580561630605  0.26098727524067744  0.27148032428514196  0.28196219824150554
  0.29223123816313279  0.30234576845305966  0.31239586681801212  0.32258214898905702
  0.33273554191755533  0.34290118620958510  0.35298461068400538  0.36319822125438017
  0.37351920366277536  0.38389175244617335  0.39422641251312690  0.40441254761413015
  0.41481261802234320  0.42533478881258890  0.43592688963764670  0.44640062479356668
  0.45681646610390514  0.46730005756382814  0.47771559873448360  0.48810653691514633
  0.49853172398312923  0.50903885487818668  0.51943970180861021  0.52967801472825971
  0.53974253964716290  0.54995472022782843  0.56037039651899689  0.57087088140378328
  0.58148417711191736  0.59214357037400600  0.60295086282941512  0.61366585163941123
  0.62430024315461397  0.63508221927985486  0.64588801426721731  0.65694433313301215
  0.66811630901303676  0.67930720834202030  0.69035857510231946  0.70125702801807699
  0.71192194372804696  0.72250797185474736  0.73284228037096188  0.74327040593864380
  0.75388396377654898  0.76454824343212935  0.77509479355914690  0.78558528842520869
  0.79607652486120639  0.80666812055743153  0.81734538502172083  0.82807459269660122
  0.83884609839461388  0.84950954367507026  0.86032548336408721  0.87126937405565263
  0.88205729466529503  0.89275083494479746  0.90352736587600890  0.91464077697698054
  0.92533454645140623  0.93593153201370816  0.94641277147602321  0.95685860364676911
  0.96737133268836162  0.97793941911538629  0.98895831214579999  1.00000000000000000
 -0.00238124439985820  0.00981851508542793  0.02031390874143412  0.03089320039441518
  0.04160479688273394  0.05219191491698667  0.06276744213798793  0.07326800461802505
  0.08370095754548015  0.09421864494346938  0.10470872946102702  0.11507892391997326
  0.12547579643831375  0.13589143317625080  0.14641971614113555  0.15699003509074033
  0.16739441828067275  0.17780749679362989  0.18805832249369761  0.19846955027328753
  0.20876598742142893  0.21916739719071063  0.22967446609007922  0.24036959799782814
  0.25103860367671971  0.26159242318566256  0.27217855211541736  0.28268541922097701
  0.29310300296170033  0.30353229483161587  0.31387760057469621  0.32432252381822013
  0.33469126843304187  0.34491599813974816  0.35506714822187269  0.36517416400028296
  0.37543163558399811  0.38584438629630941  0.39629127881304305  0.40679606048404210
  0.41725683546250258  0.42780171660484173  0.43841305729513713  0.44899732262423686
  0.45958169100214918  0.47028056948476471  0.48101070534291990  0.49175106426163967
  0.50255304884670859  0.51325185491834402  0.52394812547545255  0.53449012929578021
  0.54500973198348512  0.55556995707893886  0.56621434276144622  0.57711393150170631
  0.58799251664843388  0.59895898256092395  0.60981199522602181  0.62061048935175134
  0.63125935297549840  0.64199494473062735  0.65265943230403911  0.66320219473019426
  0.67357529443253317  0.68389445726670117  0.69436686980850393  0.70504815683840105
  0.71579088239506750  0.72650896581217317  0.73708393725867594  0.74775867749786473
  0.75847061708191155  0.76910676494624897  0.77950840148212075  0.78993248717573794
  0.80031674627107574  0.81101330908724045  0.82186743470809687  0.83283484535985419
  0.84344840458616388  0.85397577452170237  0.86452115723589917  0.87512470273149467
  0.88556334595913477  0.89609403646057562  0.90635929347091315  0.91664138405064655
  0.92683192394991964  0.93703988292435825  0.94747521535106960  0.95780861118164173
  0.96837752168935487  0.97876687680182251  0.98941118442455511  1.00000000000000000
 -0.00216209903927859  0.01000577097356119  0.02027266634991250  0.03093556049483103
  0.04149976727111785  0.05193558415728213  0.06237175260001322  0.07309270228870952
  0.08371248425825042  0.09401520404925712  0.10420594413152891  0.11483039986009441
  0.12524121521266179  0.13545574399912544  0.14559764550937482  0.15578846610911182
  0.16612610312741771  0.17641515873872554  0.18684270942260803  0.19733706676033685
  0.20784987934522473  0.21868072083155968  0.22958607880232609  0.24032823374990425
  0.25080345938693377  0.26140678409560569  0.27205454846165850  0.28259964172533175
  0.29301394375718598  0.30317048297561250  0.31351423913949344  0.32384488786020477
  0.33417358258497504  0.34442905209019448  0.35475436993253479  0.36544153592298456
  0.37617995972055412  0.38674959581827117  0.39734828770658775  0.40798201635972159
  0.41858685479031027  0.42922687022341605  0.43987667409581777  0.45059354539690394
  0.46135374133484575  0.47199566710009699  0.48248124177025342  0.49266715522321280
  0.50287794114005513  0.51301673987298757  0.52313571335178133  0.53320095029987902
  0.54354604379179983  0.55408287670160650  0.56473949979149507  0.57536924601038886
  0.58595385519280940  0.59655216610824202  0.60715616048073195  0.61801300645312585
  0.62903142643720400  0.63991273274350779  0.65060035210208289  0.66112855894052214
  0.67169704492547055  0.68229679022298240  0.69279800048661289  0.70338769248474575
  0.71385620729937482  0.72447324070908925  0.73502111098730560  0.74553302708786273
  0.75589244928987520  0.76625228712512450  0.77667474950311022  0.78709227406985804
  0.79755665151953792  0.80803251690049238  0.81863322830772001  0.82928010783228234
  0.83992908692448631  0.85071133543086319  0.86141353654358410  0.87225520023464076
  0.88290027986555109  0.89370509782097707  0.90428619763941487  0.91490315680074330
  0.92536562553905910  0.93585134853666463  0.94624227651562254  0.95672912582735159
  0.96756320325187473  0.97860377124346609  0.98942788753373112  1.00000000000000000
 -0.00218372354509403  0.00950745287353153  0.01970782402553086  0.03010686484435377
  0.04081754988754155  0.05151445045375935  0.06223542268328228  0.07284757890318783
  0.08344380071858597  0.09406181735794193  0.10465634151918940  0.11509041387812753
  0.12555943372888026  0.13608124374197225  0.14651636314102923  0.15687211678086346
  0.16718055769300003  0.17767044610760899  0.18840135169064956  0.19921131288103611
  0.20999423870060163  0.22067429688584697  0.23135787496297122  0.24195832461781330
  0.25239053670462946  0.26284600766758714  0.27338886336424933  0.28407747017474849
  0.29484869919951123  0.30564446285107411  0.31633759761009816  0.32674121902956144
  0.33707251655323145  0.34753431882354285  0.35832102924072951  0.36932175137084616
  0.38004093192624105  0.39066220469698493  0.40132893246213669  0.41205300699832165
  0.42256457293542032  0.43295818422285826  0.44339035542994826  0.45385117852459800
  0.46447436228851524  0.47517511630182513  0.48574669463244163  0.49620874182343155
  0.50659857057027380  0.51702552468073959  0.52738692955244770  0.53776090453136993
  0.54822129601766556  0.55853483023644201  0.56909113749460694  0.57955512429840172
  0.59021686921151895  0.60079314471082601  0.61174852152656334  0.62266735306180676
  0.63321668783794616  0.64348282273626334  0.65368606534052909  0.66398508787969379
  0.67451162059309067  0.68528222749582424  0.69593673112139454  0.70658629119706051
  0.71703141173378659  0.72776169845161776  0.73851154508267036  0.74922460973086780
  0.75997758972680940  0.77064059596662482  0.78131179838254861  0.79207943913955603
  0.80282824059551072  0.81378078353473915  0.82447602290057020  0.83507164111663901
  0.84547263670191930  0.85574480399073627  0.86597652653413060  0.87628921085979650
  0.88679527735106123  0.89727206047588892  0.90774273165833375  0.91816521382063787
  0.92844185414086111  0.93853846107488614  0.94866681130185482  0.95874724728562699
  0.96903946202140745  0.97926215860920862  0.98973403470839583  1.00000000000000000
   2.2435698502425449E-022  -1.0000000000000000     
 T T T T F F F F T T T T F F F F
