 -0.00000016672642700  0.00005764208510203  0.00038330954560481  0.00104302078029450
  0.00204324912525837  0.00339096464349786  0.00503027913275283  0.00696000280253669
  0.00912867269911797  0.01156414518275340  0.01429764449173542  0.01723196080604669
  0.02031457501934528  0.02350310232878918  0.02689486883279814  0.03048230453018770
  0.03424248647145744  0.03807886110946661  0.04213086133868265  0.04637186273668141
  0.05077374195021616  0.05528552655898581  0.05977414642974679  0.06433308041184688
  0.06915845946331037  0.07402114736093993  0.07902190142415483  0.08426477176008511
  0.08943946937619399  0.09465690280903175  0.10001902024972500  0.10543703254846530
  0.11070735361179336  0.11611653270041859  0.12175127186906895  0.12757883758433883
  0.13342871641871223  0.13924678864016385  0.14506696805968480  0.15108140642975920
  0.15731227304790865  0.16348341906684741  0.16970391083851472  0.17590453210985407
  0.18241451123616093  0.18905582152761768  0.19576663168760580  0.20236011253693617
  0.20891264674424126  0.21559549278832504  0.22240379423490034  0.22958313471769043
  0.23681807297639901  0.24415684732367129  0.25158782829305992  0.25908483884972322
  0.26662550489712900  0.27421627486381128  0.28190891689304942  0.29001052806102157
  0.29819930825349594  0.30635064826796088  0.31457999942657872  0.32301689590696769
  0.33153159339145238  0.33987491232440464  0.34934439504560055  0.35936699668532857
  0.36954264733988446  0.37965725137766115  0.38994574533958304  0.40031874626736430
  0.41041863135092199  0.42088502554080454  0.43211192362567735  0.44391632829201499
  0.45610459787711999  0.46855189371791006  0.48148007484288041  0.49465885961559630
  0.50788706705856801  0.52143442188943900  0.53701586264851298  0.55325744608181715
  0.57023678382733456  0.58830663450225085  0.60756993422291328  0.62721354280481367
  0.64689758758128502  0.67426717186601903  0.70385465777541878  0.73609405377551940
  0.77229810126084630  0.82184049470423537  0.89489220006584724  1.00000000000000000
 -0.00236809682004481  0.00984316379174951  0.02011828477034788  0.03101694296007188
  0.04129701269231102  0.05223404698279560  0.06304563966645842  0.07325564592443390
  0.08331093465127462  0.09342549379755867  0.10349050747928697  0.11352320184212251
  0.12372916304984122  0.13430276103591077  0.14513113873432310  0.15629079490665260
  0.16788303544676986  0.17965591687437751  0.19192560761789323  0.20474631766814896
  0.21718037354887360  0.22848441018690832  0.23942120651764479  0.25003873483706868
  0.26108249976622006  0.27222886447568867  0.28307172364258476  0.29350028259395539
  0.30281331148014562  0.31223618716870050  0.32183074176293941  0.33142132263416874
  0.34103716678715879  0.35065511723757625  0.36088215625482961  0.37146103928871388
  0.38198024993162444  0.39270968054416994  0.40317207401057198  0.41385225118441110
  0.42362598709929894  0.43316213988802915  0.44266014055538416  0.45226470759691895
  0.46216352710437231  0.47183751276562408  0.48187684636034517  0.49168584622330219
  0.50161734834383831  0.51191810322179221  0.52225203657045893  0.53316508080117975
  0.54385882292412036  0.55565466393922469  0.56702872645675384  0.57798077226907940
  0.58861076162533510  0.59922199978829871  0.60947412852121696  0.61984106297571073
  0.63038889493124395  0.64072234557308438  0.65043368033045890  0.65992973390293508
  0.67014351727542654  0.68128501989765600  0.69242184370962079  0.70276917715415066
  0.71306296814965997  0.72341935147604786  0.73383665421517363  0.74369874368144195
  0.75356852895490034  0.76322221027385539  0.77280689989004581  0.78209383453049774
  0.79146241036778620  0.80137243463963559  0.81181155132895577  0.82298524261419737
  0.83455784978647640  0.84627897565599175  0.85841456693920648  0.87221949969163581
  0.88438696704843278  0.89638874640824340  0.90782955881670180  0.91833495411216504
  0.92814205130987881  0.93770757610709299  0.94772830164494237  0.95808333934093448
  0.96845098355931869  0.97851051228421226  0.98928140134333509  1.00000000000000000
 -0.00301435928925045  0.01106005416102689  0.02387116787292363  0.03635206384967129
  0.04802502892329589  0.05890346431488864  0.06925261079502727  0.07945866456662105
  0.08966256071264332  0.09993235715429372  0.11065416517908945  0.12179117467480277
  0.13317653149541903  0.14434251902856288  0.15532152585284928  0.16605271355916043
  0.17644205916104905  0.18648716232386184  0.19629805975788331  0.20608539487704994
  0.21594885469249481  0.22572089618173929  0.23553335960456614  0.24546622046888494
  0.25573276285482677  0.26624449850434534  0.27657321970554760  0.28667868771798793
  0.29682227309078602  0.30705252556850576  0.31784818100954065  0.32913569099468448
  0.34078308073842301  0.35249287942207091  0.36412025771756956  0.37530747640469247
  0.38556248334398319  0.39500500757340112  0.40413497005486715  0.41338159411043646
  0.42312969591985877  0.43323188563746490  0.44405235452713465  0.45501950315356898
  0.46593651674247072  0.47676075680104862  0.48789778706582670  0.49867364552399929
  0.50896165484693723  0.51943172635083756  0.53020212142349599  0.54092793570630382
  0.55089250230132092  0.56096134396145669  0.57198790337816685  0.58322046094717983
  0.59390135798528942  0.60405299007518087  0.61394568427428153  0.62395388987345357
  0.63391127811827230  0.64411049390519848  0.65424789522531213  0.66433400799746190
  0.67420952167102310  0.68389828891809834  0.69388213890246142  0.70384078247568749
  0.71443310728141174  0.72517159557342714  0.73558350127516914  0.74605252551050116
  0.75657889264270217  0.76738731150941730  0.77783738143254322  0.78817141243485911
  0.79828622944472083  0.80796552653476617  0.81769042338042364  0.82756123316511876
  0.83746014261659740  0.84754910387802207  0.85744449080988061  0.86808796411849320
  0.87864174239815718  0.89099411824537456  0.90261633737953118  0.91374915982508009
  0.92509635313106720  0.93704656041666246  0.94827365963886223  0.95858661937355572
  0.96903152998671283  0.97922880461891326  0.98971104369322305  1.00000000000000000
 -0.00220847237817334  0.00991083845468573  0.02027946959000599  0.03027668981283120
  0.04012114512116886  0.04989642948265442  0.05994617046401975  0.06992626150499519
  0.08033689864854676  0.09109909859923147  0.10261331301261742  0.11420237261195931
  0.12549418751206678  0.13666385810953866  0.14830238519172873  0.16068952072236298
  0.17276451178622704  0.18425595715991799  0.19558163761959224  0.20670676170399205
  0.21813130348976470  0.22934869434353938  0.24023049931758964  0.25075702505934555
  0.26112808070818250  0.27145835806424412  0.28161597289437890  0.29179142755857707
  0.30226212224425164  0.31273136623744091  0.32311666680275358  0.33361566602157233
  0.34426335982455980  0.35459699828081531  0.36439254204317201  0.37409784846488492
  0.38403948299737045  0.39417593751922531  0.40446328887913491  0.41478185407437340
  0.42549404366715937  0.43617113965194321  0.44671838203347591  0.45740458220737734
  0.46838843919189577  0.47944326457276731  0.49047824166954596  0.50121172199316977
  0.51150332566159695  0.52156587585890413  0.53152871510731436  0.54159726303278832
  0.55137118147472508  0.56115814166515665  0.57132723422897413  0.58192706872438649
  0.59278293382575953  0.60360355801349830  0.61412815153524325  0.62416848693416427
  0.63423785547305167  0.64441935707780484  0.65496358587323800  0.66523353335152913
  0.67572810312708476  0.68615376363512637  0.69706870289775680  0.70823302110235054
  0.71876354781843776  0.72879823762002305  0.73915211713850049  0.75010145179151699
  0.76147355999112465  0.77205193791321092  0.78259205881338978  0.79313846855426484
  0.80424318641435999  0.81501257162733898  0.82568926354103933  0.83637968643694416
  0.84676196800283199  0.85674183390794878  0.86644369168445201  0.87624302453292380
  0.88722801450852440  0.89773858193705380  0.90753108621311318  0.91781366642861106
  0.92867262439512677  0.93926117884622928  0.94911208721772244  0.95892212714016656
  0.96923254059534292  0.97933876694901367  0.98951974522498198  1.00000000000000000
 -0.00111526399850455  0.01091036791763015  0.02066042914650749  0.03113578854168168
  0.04165298823735428  0.05206237384699048  0.06257601862306422  0.07331032708164059
  0.08426663516435361  0.09569583754015910  0.10695624372701294  0.11790107739580144
  0.12892543339992185  0.14016350916514489  0.15091514891676244  0.16161438588681706
  0.17177759986905922  0.18141013557246327  0.19190567256633467  0.20304440421067607
  0.21399838724333606  0.22422288076500538  0.23484912965488786  0.24579760956539132
  0.25627061823424957  0.26615791539023137  0.27620908304753899  0.28635185128653640
  0.29617992810479582  0.30566436191898738  0.31521860839376803  0.32548796647588002
  0.33559682278612207  0.34581558393186351  0.35596036851952850  0.36666047958402698
  0.37773559967767456  0.38876347165971403  0.39992891739198266  0.41088372354599323
  0.42243363870267547  0.43321623869613096  0.44397947172713642  0.45393136405645884
  0.46382175754553095  0.47361871255940807  0.48405120465386992  0.49501113884563563
  0.50572641939859253  0.51596559069708126  0.52625699459799802  0.53733811596820058
  0.54863546782489292  0.55992908080203985  0.57073642451031115  0.58139359656640699
  0.59135502537706985  0.60149588646158902  0.61165401389930552  0.62184229801379598
  0.63195224901130598  0.64171731518655439  0.65151419282403489  0.66112218187901617
  0.67149747233499180  0.68233515303737358  0.69352914448452319  0.70476163388627067
  0.71574337388234399  0.72629762879371607  0.73631805667694694  0.74612183179935854
  0.75614196463925498  0.76627385013540028  0.77684667399666096  0.78769976796815500
  0.79894552062626001  0.81029861786787793  0.82111520975785057  0.83155133297593320
  0.84195480799657962  0.85266618190713839  0.86375632392880297  0.87490592097796316
  0.88613024934109952  0.89730869876388808  0.90761622389084462  0.91794534018148044
  0.92736408709387019  0.93698497349063936  0.94684743314716702  0.95682671571670663
  0.96695735639546110  0.97719782087239337  0.98821724938897026  1.00000000000000000
   1.8175377277792899E-021  -1.0000000000000000     
 T F T F T F F F T F T F T F F F
