  0.00120721986147372  0.00993286050558178  0.01842700014564298  0.02692859355040594
  0.03539402551469326  0.04365153388906429  0.05177183923598883  0.05976987926439972
  0.06762622363183783  0.07535111067097311  0.08299939135410224  0.09060785866442300
  0.09810332222144863  0.10544348739408708  0.11269493143001946  0.11992428535747263
  0.12712007193950953  0.13428060769096753  0.14139046210824160  0.14840967187929882
  0.15539680770386169  0.16235350076866140  0.16924773146156144  0.17615744068796088
  0.18300725384648045  0.18978411828108133  0.19653888669418390  0.20328428994412706
  0.21002537329022566  0.21680999825759406  0.22357093508588338  0.23032652902625136
  0.23703241395728289  0.24370427730871552  0.25038857376511436  0.25710335985856625
  0.26385203322527573  0.27062236315447358  0.27737826614521804  0.28413382095831941
  0.29088721197753853  0.29768397779397254  0.30447702196613918  0.31133336959200497
  0.31827524430508808  0.32524362839889825  0.33221371669547195  0.33922203119634503
  0.34621339220974562  0.35322845632082611  0.36028534719366295  0.36745003972767354
  0.37458770404104025  0.38174475223291598  0.38900279237178476  0.39637831216070640
  0.40381500345993387  0.41130331186161578  0.41885780731330641  0.42656690906497513
  0.43428641939142859  0.44207336842578826  0.44999040363095200  0.45798440044729599
  0.46597766008015101  0.47399506977864914  0.48215744771346186  0.49054832823423028
  0.49906954946213328  0.50770875360973744  0.51658821889232653  0.52567355377287817
  0.53513533777815869  0.54441050220840437  0.55392359525671475  0.56375325331164172
  0.57379964053310051  0.58401161351803799  0.59453434231329017  0.60554989989537744
  0.61721356387113335  0.62907684267449115  0.64139766846779944  0.65430453072605088
  0.66769991265941231  0.68153752745328022  0.69643402009572619  0.71254669783424562
  0.72978740413973986  0.74807957006719961  0.76909498177655988  0.79269606089118572
  0.82065557476404849  0.85655876733306868  0.90920370946883466  1.00000000000000000
 -0.00217158379612781  0.00949498064034476  0.01914041154392742  0.02932262061276779
  0.03958847355694696  0.04985518883728603  0.06017574961717847  0.07060619795736282
  0.08139091746380464  0.09189771201732021  0.10212770284910166  0.11209412345130940
  0.12217065285189412  0.13257688439410514  0.14300152104450434  0.15345612962005817
  0.16376204079094572  0.17398037220253901  0.18408935473307980  0.19451904909546219
  0.20521430137812341  0.21594475367093738  0.22664455366750760  0.23746279342177490
  0.24847083138500523  0.25936515626198192  0.27019489195754026  0.28099750139038276
  0.29168028554306530  0.30239410477969553  0.31304181036566769  0.32376741939428838
  0.33423609451965020  0.34453533759292798  0.35516169294178634  0.36610904242226489
  0.37720214224269338  0.38823940304694238  0.39923515446382146  0.41017503772475766
  0.42125085501404991  0.43228292709071042  0.44301320229248781  0.45286416929754303
  0.46301068633741593  0.47337560240005949  0.48432964482594343  0.49515139796258428
  0.50564684689065642  0.51557009777547547  0.52527903510970964  0.53521297780635813
  0.54490801510568987  0.55473222085413798  0.56458446425450615  0.57501864008522863
  0.58535514796439270  0.59552796733536173  0.60582184453172105  0.61741945365364237
  0.62870638743432739  0.63978679674952588  0.65069168081951645  0.66184595269314939
  0.67244950052958430  0.68299338562516543  0.69396465811153907  0.70585343492689590
  0.71713738858903719  0.72860051897556566  0.73964985354550306  0.75054483407965134
  0.76066387124937307  0.77086606837901761  0.78097773271076487  0.79133959408759524
  0.80158357307014960  0.81180775827272311  0.82255306099739800  0.83338802771788045
  0.84381472001752755  0.85421635313036570  0.86463268815791949  0.87529360026885017
  0.88540917153504894  0.89558659720831912  0.90623628016184143  0.91724037417661519
  0.92795234139771055  0.93873391368393833  0.94950827252057679  0.96000008425060623
  0.96999408112931484  0.97980227405647691  0.98981227140829153  1.00000000000000000
 -0.00255791894265456  0.00980792974798724  0.02010530142006287  0.03074383199873581
  0.04123528024054936  0.05152668519184175  0.06176842836894268  0.07229088078757301
  0.08301748571834659  0.09389960448638734  0.10469043372761391  0.11553316771323213
  0.12630072849796631  0.13709007992374639  0.14783666329848405  0.15851950938475146
  0.16908401340348345  0.17904256379566916  0.18912084045655989  0.19882025766727449
  0.20915044556042936  0.21943618429466213  0.22991773766036080  0.24037078881739968
  0.25085439791505881  0.26137886345432082  0.27183416043702124  0.28239217981967307
  0.29284761433092965  0.30335692341489140  0.31385635644980464  0.32402458524446243
  0.33425501086343601  0.34440496720575520  0.35482843726203461  0.36528922049995022
  0.37585976741151561  0.38667345984777007  0.39752879372138983  0.40816413115777594
  0.41875305706942384  0.42952660084877781  0.44040228005924659  0.45162374311528203
  0.46287012180469406  0.47373315779383818  0.48415342650775806  0.49403035724438532
  0.50396119820370955  0.51364221908307517  0.52359520146797744  0.53407625247676871
  0.54477511876044371  0.55548858462389872  0.56642739483534155  0.57744468662378245
  0.58816974064744409  0.59885286678395400  0.60968324610398061  0.62057475198256595
  0.63128151120275100  0.64212070759267492  0.65294318887256220  0.66360005626551366
  0.67424506354334157  0.68480737351663612  0.69545726315440326  0.70603810987175186
  0.71660835134471756  0.72720398462430680  0.73779940116963749  0.74844871714881389
  0.75903444566394496  0.76943472839679283  0.77961396550064921  0.78953323319857338
  0.79976737166192668  0.80990215586323611  0.82048878563174377  0.83105551767485153
  0.84206398809715699  0.85311774233855553  0.86363155375511391  0.87455486188343567
  0.88486732707468985  0.89545365971897328  0.90552429309299798  0.91513417407320319
  0.92500453228240742  0.93482037007372876  0.94525665379336454  0.95583570823966102
  0.96673232904412287  0.97772764855747418  0.98886507625649711  1.00000000000000000
 -0.00236431258225741  0.01035360183493248  0.02073399081824825  0.03197953037669649
  0.04266915687559193  0.05293598561722744  0.06304477286594776  0.07340797281941515
  0.08385572072808151  0.09384058106493019  0.10391688652724236  0.11426418073824776
  0.12489849851230618  0.13630518242408582  0.14756344451003864  0.15841216356639959
  0.16886207061461747  0.17907858418342054  0.18911818494602875  0.19916058442077064
  0.20939387597907611  0.21993269366832943  0.23083161301030727  0.24237003012986341
  0.25376614146086945  0.26481482075364560  0.27527312551884936  0.28543678278630807
  0.29548606684026296  0.30533350780025226  0.31527697172935959  0.32544982453525301
  0.33602490767279042  0.34687420368366234  0.35768774616334736  0.36846874934872326
  0.37907665499464915  0.38968541257502476  0.40027228598981940  0.41089333788288551
  0.42170563061517463  0.43272711931688340  0.44373015834092233  0.45478012985203226
  0.46578899004428187  0.47677412203266206  0.48748213196201490  0.49815279752716268
  0.50849901451793689  0.51871693699645671  0.52894625514809890  0.53936253620684671
  0.54997030987138595  0.56027766047730676  0.57036430276276928  0.58051166643269125
  0.59129660084740221  0.60246359560987539  0.61340037727543872  0.62391716336600100
  0.63458049959028562  0.64537838588361118  0.65630706220046187  0.66754408961082812
  0.67875732294899760  0.68968229407691273  0.70014783803409320  0.71047980088220930
  0.72032498629230868  0.73012941328473879  0.73966905552757245  0.74910188267538691
  0.75879519092405368  0.76852720258980756  0.77933376244579655  0.79072487020983140
  0.80170423558068971  0.81267695843524679  0.82366111142382914  0.83464837609689435
  0.84461831826476064  0.85469643506469906  0.86536364221247652  0.87634701570130213
  0.88695352503151237  0.89726012917081421  0.90762869219832076  0.91785858688571742
  0.92790720001411964  0.93822634203146726  0.94906039293965128  0.95971436429368462
  0.96983292079741801  0.97989531598224233  0.98997110868902105  1.00000000000000000
 -0.00258050004448515  0.01049772234570012  0.02192070141471699  0.03319329378206845
  0.04428889461883317  0.05513648711904143  0.06621121702296207  0.07755926167978490
  0.08846502595197946  0.09917435356815398  0.10994825909873911  0.12070638552329349
  0.13170848174011246  0.14288514362766325  0.15402728687427145  0.16464706296527998
  0.17497403638831802  0.18523880389392378  0.19561284378752394  0.20589395428505317
  0.21616877563732440  0.22676609547772433  0.23796492724866269  0.24938769183064741
  0.26054979161828873  0.27123234999660062  0.28159106497557912  0.29186942139140148
  0.30212056288289685  0.31245848058553810  0.32296600342404025  0.33352324383051524
  0.34417419621532092  0.35471092742286114  0.36509857652669836  0.37558248047201848
  0.38610494302712611  0.39655658163638391  0.40681769582831928  0.41728712802114243
  0.42807379638351134  0.43858704462905485  0.44877470726817226  0.45901627861437477
  0.46969401891356649  0.48041416959241645  0.49080628963743966  0.50099589172585623
  0.51118036259859123  0.52144722926978848  0.53162199244334951  0.54221964516800214
  0.55333789010737378  0.56459792138986387  0.57550534691355648  0.58617651655300629
  0.59718000397025095  0.60811582503775552  0.61891944161078127  0.62947260080438827
  0.64001348491412691  0.65075535488321823  0.66190747202686151  0.67319877709665576
  0.68449048592976192  0.69550156118270834  0.70629261980374092  0.71675205950768539
  0.72697281285939730  0.73716447077418146  0.74721165703530268  0.75683015748137994
  0.76605415945530564  0.77533067795656374  0.78470354353090943  0.79431536789120860
  0.80412992804520800  0.81450303728746309  0.82567011353739106  0.83682249339383108
  0.84783126700237565  0.85850249516803856  0.86907411689054292  0.87939195383779811
  0.88957808667213412  0.89958392901314910  0.90950170124863672  0.91944531094707560
  0.92954592863025032  0.93979268966492846  0.94986896653869957  0.95995823881968567
  0.97017837490968872  0.98025615685348644  0.99011413218743349  1.00000000000000000
   1.3548733288811013E-031  -1.0000000000000000     
 T F T F T F T F T F T F T F T F
