  0.00164309240196471  0.00308488619062792  0.00453327294093995  0.00616313798718354
  0.00804834942777264  0.01011321294592401  0.01237935494065206  0.01476394995345213
  0.01730261463836978  0.02007094147002950  0.02304284564426126  0.02615490087119244
  0.02941609248223096  0.03287322086797791  0.03650677221935637  0.04027269186410822
  0.04408937155565411  0.04793447332500684  0.05188881988974691  0.05598028869975254
  0.06016488667734658  0.06443662918649772  0.06877868584658027  0.07330367442610215
  0.07794282569629890  0.08271546296084313  0.08756737694638782  0.09243145684051347
  0.09751825152526333  0.10274887435832449  0.10807193686381625  0.11343998577196754
  0.11895350037665900  0.12456502193670627  0.13017652123636056  0.13587177554135996
  0.14165172823511457  0.14762084632334535  0.15360540144505891  0.15973179627206543
  0.16601579597429200  0.17244681527891403  0.17906249789372994  0.18578172777859248
  0.19250029853447778  0.19917557025383112  0.20593122577124839  0.21267657038589871
  0.21948735465290811  0.22636456120541268  0.23338333684065080  0.24047270012245023
  0.24772788337440441  0.25515371349353883  0.26266990164450393  0.27035032048506419
  0.27832174641568846  0.28633157564102540  0.29458564213527683  0.30303777700815981
  0.31160606763135629  0.32025016485969099  0.32896461354107281  0.33774340426772964
  0.34654866964339676  0.35563360860781346  0.36499145115728415  0.37460470612722230
  0.38444119760006096  0.39440485727395924  0.40444395343244488  0.41467675042845781
  0.42530150997941174  0.43618259904035384  0.44750771193315780  0.45915882647967110
  0.47102050432247111  0.48322928166531326  0.49609042211865906  0.50891792523465051
  0.52247055278242982  0.53663312762467341  0.55109378313656687  0.56651091292872269
  0.58301825039882182  0.60017463672678950  0.61841425466321431  0.63804059594656637
  0.65932209829956268  0.68227050379382970  0.70850630410642890  0.73817981761043483
  0.77251315412991506  0.81633929166674346  0.88329897323102302  1.00000000000000000
 -0.00246189121886113  0.00984329567095142  0.02033877710114166  0.03094731118841517
  0.04201837162959904  0.05292112160271827  0.06388198865602450  0.07462626204589527
  0.08523068088663466  0.09621708600620291  0.10710707768886502  0.11808529332222573
  0.12897664885409432  0.13952766773009961  0.14971478755217529  0.15988599628965544
  0.17028542262269619  0.18092848517751711  0.19135886077840880  0.20145874334614158
  0.21158642436469155  0.22159340629712271  0.23192826586192192  0.24244801592276585
  0.25319732271320278  0.26414655698094719  0.27487667974639790  0.28528665658920227
  0.29584505752903806  0.30639696204560823  0.31689776583091994  0.32712564925441934
  0.33737523021907501  0.34754851256278224  0.35770339348434199  0.36832475710750068
  0.37885587122569198  0.38911170065927986  0.39909454596099231  0.40942006139782167
  0.41955381295730348  0.42968216952602134  0.43977907309165198  0.45040704712661062
  0.46135498340269915  0.47261957923110515  0.48408437983224756  0.49490800526426137
  0.50595878024604735  0.51682088972185547  0.52730379574083963  0.53741952408178473
  0.54775267938889904  0.55852884524761248  0.56905571694639834  0.57963053093997130
  0.58979756787300119  0.60006872912019349  0.61044776708039639  0.62090144130254099
  0.63117791673664470  0.64135080024449542  0.65182590535385909  0.66203412332627465
  0.67233147498533119  0.68268742917320324  0.69351794768655062  0.70429921181710420
  0.71509249106283979  0.72587249062027703  0.73656690513330914  0.74693344440932308
  0.75711492942106307  0.76719426571272731  0.77750488501663806  0.78785220144397783
  0.79806249791845041  0.80800555254213646  0.81819372439957183  0.82837576140766944
  0.83844271163716266  0.84827897560612364  0.85830929398217004  0.86870224294584120
  0.87931123947768031  0.89020015930645435  0.90139188520948110  0.91325204581290098
  0.92471065246756134  0.93602327583250799  0.94698532189068585  0.95819071168694614
  0.96871525553153104  0.97913953245328411  0.98964225851937138  1.00000000000000000
 -0.00229456307649549  0.00967480037176458  0.02020242264147977  0.03100096745565560
  0.04173829005918821  0.05243001192701928  0.06333461962870161  0.07395389071861228
  0.08418613952763997  0.09427342909431981  0.10411380532750615  0.11433952107193708
  0.12476832994717853  0.13553660172023893  0.14601353950208934  0.15615474002909630
  0.16614160271836551  0.17653484884202905  0.18690385220386685  0.19741975218270158
  0.20786781685931879  0.21863189034051911  0.22962738397564189  0.24047335276235096
  0.25130841589179059  0.26209503742133533  0.27266891784177827  0.28332804804806283
  0.29405158868611425  0.30491976024120537  0.31573960521489441  0.32653021836636748
  0.33701770772161382  0.34754288626745988  0.35840954098239475  0.36942088609058654
  0.38006506276476110  0.39034274418939685  0.40053741127013187  0.41069418656956452
  0.42094867115760587  0.43123314453256567  0.44165196285481756  0.45210066033958851
  0.46275173277352449  0.47345046260326085  0.48408941194989402  0.49458085801042573
  0.50503545032448649  0.51539859836830326  0.52584367545792554  0.53645003915964951
  0.54698580225703930  0.55722264951149780  0.56726703036866422  0.57747532464778983
  0.58789168289947413  0.59854440220211036  0.60923530151727745  0.61986987743636479
  0.63007594443989468  0.64006467786525278  0.65014731991833352  0.66026598632853528
  0.67048046960577412  0.68086826142792134  0.69139875367531067  0.70225075173639995
  0.71270616714010404  0.72301888213762533  0.73316588350059597  0.74327721337108488
  0.75350787854582990  0.76373286521976225  0.77395978440608004  0.78414958549331903
  0.79441295516935506  0.80507867803604971  0.81592076476561304  0.82665922267859793
  0.83723184866089273  0.84806587384753007  0.85937465312816430  0.87062182912934272
  0.88121174506756272  0.89179801140468329  0.90237057647196006  0.91275064801452843
  0.92283113796936622  0.93296311442997337  0.94353921260771811  0.95447234417497995
  0.96601744157348346  0.97749982185793649  0.98888710616833397  1.00000000000000000
 -0.00245209716013853  0.00946375121075033  0.01968878508629002  0.03013044954330402
  0.04086622053313133  0.05165371726655342  0.06245434736992243  0.07319650208440608
  0.08389940216516065  0.09428976172301261  0.10443211380886010  0.11469302231150919
  0.12489101119990506  0.13480912019125821  0.14484557176569471  0.15495722643848864
  0.16540875457682802  0.17556324817805785  0.18593835449566007  0.19621549249506454
  0.20661424352020596  0.21726420628410839  0.22788646714429336  0.23847974698214772
  0.24893606089231449  0.25938402951629108  0.27011507087321879  0.28021079044669917
  0.29060988563188755  0.30073759144127954  0.31124691182570935  0.32139395745889604
  0.33165413756374434  0.34199702763371531  0.35203369273815999  0.36218830538117985
  0.37227325077924234  0.38252561210951919  0.39273220507751933  0.40350557639086437
  0.41434103432439046  0.42507676413241902  0.43589712811714287  0.44691444110139428
  0.45774643697014283  0.46780344504940219  0.47771026475974593  0.48777108562822263
  0.49796949558845788  0.50856547853642398  0.51949525944751107  0.53033694108701901
  0.54086294063903362  0.55122266298945033  0.56165098712965100  0.57207747785715490
  0.58253802015862777  0.59321497631745868  0.60387753876519601  0.61435108926449045
  0.62480648534526440  0.63560760282013140  0.64649963199722893  0.65714759181770266
  0.66782761429644832  0.67846860416362631  0.68914893065658178  0.69990136733941744
  0.71050010611932601  0.72102643468054628  0.73142553381311537  0.74172712857118805
  0.75225737373276758  0.76265154846083483  0.77292944884434123  0.78329511636614235
  0.79350958843113140  0.80461017633641108  0.81570736213852002  0.82677622640508364
  0.83752415971819805  0.84822473826334333  0.85901516856319327  0.86976972214580750
  0.88049521533228647  0.89164572015983168  0.90299548049154432  0.91415392221136238
  0.92471365721073040  0.93507935763674710  0.94562862178547691  0.95655298715353132
  0.96740275482603644  0.97853025511377756  0.98928788250193866  1.00000000000000000
 -0.00188226100968067  0.00952140456298715  0.01980076089328024  0.03051763122828228
  0.04155843379953101  0.05324495779884504  0.06498730074546627  0.07632993083024474
  0.08752427999158631  0.09871921861118647  0.11027289644728219  0.12166516520437304
  0.13279963769442185  0.14359341301792494  0.15422121811655806  0.16463536998733808
  0.17479546096642659  0.18517668513063648  0.19563508061565296  0.20590173640315659
  0.21620977336560507  0.22625454372056694  0.23641011980204241  0.24642117262351498
  0.25714585287456726  0.26827664370260229  0.27898562378978065  0.28952302560911242
  0.30014167008319914  0.31082538643757146  0.32114670454656108  0.33135935127162075
  0.34178855186872970  0.35213387945313779  0.36245987177507855  0.37272890853221108
  0.38334722357287582  0.39382862482031772  0.40413941968702000  0.41428758253822989
  0.42472488906649630  0.43531547572319240  0.44569326335867887  0.45600932910167852
  0.46641056390043067  0.47698792710058008  0.48779120915810237  0.49883401529182003
  0.51004409876781742  0.52098228968138272  0.53126427714977276  0.54121437466214339
  0.55103060114961322  0.56097185148458473  0.57107202362578446  0.58100218557964756
  0.59094551964612652  0.60090108745486748  0.61117789525806931  0.62149100604390972
  0.63187738184921571  0.64229109825804398  0.65307526199430932  0.66422707031219108
  0.67506622223518087  0.68575750726903117  0.69622123400052882  0.70664564607295044
  0.71706040292575202  0.72760136113175766  0.73794511711362321  0.74835378600074576
  0.75852684220740119  0.76860556204195596  0.77889970694935373  0.78924373934848635
  0.80064656047048444  0.81191998248890751  0.82334692602896131  0.83424791521260999
  0.84505754848038084  0.85572409785075199  0.86584564471254288  0.87608113830270873
  0.88614590935265092  0.89657691325197275  0.90661931995488865  0.91648481768861301
  0.92675468260031724  0.93727293772091413  0.94765768376279069  0.95829074680239368
  0.96870436178853947  0.97925094299596493  0.98942114367300527  1.00000000000000000
   1.2063180997822047E-022  -1.0000000000000000     
 T F T F T F T F T F T F T F T F
