  0.00107789132025749  0.00957666569191131  0.01795881816669883  0.02633136286082461
  0.03465860595058556  0.04281548011895815  0.05086745095667493  0.05876313085369377
  0.06653502880793430  0.07423759735733043  0.08184742680604655  0.08935029658002740
  0.09677938742306220  0.10410232821018388  0.11132901988787472  0.11849477110666748
  0.12560558112936199  0.13260495234253566  0.13960891846144885  0.14655156546926171
  0.15340604275490100  0.16027292586174918  0.16705861038653635  0.17381272792289268
  0.18055523502821605  0.18729120939568114  0.19403080899608380  0.20080092495323912
  0.20749929078373155  0.21424142618360928  0.22090427909819779  0.22760508655525016
  0.23428639755439520  0.24093483826720613  0.24762678002256383  0.25432991802561677
  0.26101598019056466  0.26778869711780756  0.27451954253035377  0.28127344835195300
  0.28807096023049000  0.29491787792259599  0.30176734381800380  0.30864328479818309
  0.31553631247503261  0.32242197090554708  0.32937162361011763  0.33646968837504238
  0.34351473440322416  0.35056910245617545  0.35767686515492553  0.36482696348036953
  0.37200045231589501  0.37920200636217033  0.38647717799371178  0.39383051088616156
  0.40112562962177872  0.40859033427300800  0.41614867541786549  0.42381747625449628
  0.43151092274389785  0.43930346417172356  0.44728824150547525  0.45542269434878457
  0.46354417450298668  0.47179659799141094  0.48016153781783549  0.48872401901923102
  0.49736041179753032  0.50607658671374423  0.51504755048176198  0.52419552186672314
  0.53348422357756931  0.54285328746281669  0.55249741966859167  0.56249248997622703
  0.57270430035549069  0.58296215612105518  0.59364487583849590  0.60470659147077244
  0.61622990958040424  0.62782245897947675  0.63995162003757844  0.65286351171533963
  0.66631590023451259  0.68018699273541028  0.69546935414493127  0.71171690830027579
  0.72907606874940278  0.74776186020129176  0.76896968341322525  0.79287883483660171
  0.82089381339886847  0.85683514228582869  0.91010632830626526  1.00000000000000000
 -0.00240365546345748  0.00978586163583874  0.02042879519877247  0.03106600726391386
  0.04171912449893260  0.05264384812108525  0.06373074784604756  0.07531117800150974
  0.08659113640679668  0.09779230596254804  0.10866252217636718  0.11924020637218358
  0.12971718397443749  0.14028182416398363  0.15069640946412879  0.16091083557223232
  0.17132580825441301  0.18197736395996555  0.19215131942904690  0.20188760947098219
  0.21173575951175339  0.22199944676505562  0.23228977851938118  0.24236642792667484
  0.25246518089640807  0.26288305924841460  0.27317305359483035  0.28323832754283351
  0.29315118790527483  0.30323821841378701  0.31364298680684211  0.32456246097518976
  0.33535363258949341  0.34659039850653073  0.35748474228208660  0.36825228504653168
  0.37875458274826379  0.38899263259365036  0.39961855224945142  0.40994124122771197
  0.42005297857472079  0.43003846963762171  0.44021635147947569  0.45079308070441498
  0.46165902013061944  0.47283375185773585  0.48374599071717361  0.49447942120846489
  0.50490278608923433  0.51533467783794173  0.52574706971054075  0.53618258698999022
  0.54679108619418448  0.55733375888651882  0.56760039808296336  0.57797390720645647
  0.58852281437304077  0.59875525114177419  0.60900082683833467  0.61885925889255278
  0.62906962252036780  0.63887999136300921  0.64886648341651465  0.65929617903787163
  0.66981898687733921  0.68006639836583715  0.69029732342917405  0.70125379878370242
  0.71195789153838318  0.72259158400419066  0.73319961501373043  0.74378850422772103
  0.75432645998998793  0.76448452373552556  0.77480143362393183  0.78553183995655373
  0.79617326166594593  0.80726643223840111  0.81842668518532846  0.83006002980283933
  0.84082644340515755  0.85184756180164234  0.86278433187998971  0.87349867785475344
  0.88363603438450611  0.89378597073109978  0.90419711227631272  0.91471881573022040
  0.92570779249101554  0.93657350186502408  0.94684344520830743  0.95667820699391704
  0.96737330919056985  0.97845737044608738  0.98916973914686301  1.00000000000000000
 -0.00224941462884462  0.00950460447324215  0.01954771496866113  0.02948687590937456
  0.03927234074359674  0.04920391007886984  0.05954198915071907  0.06970978606298393
  0.07985836784305252  0.09018729694254508  0.10044387180937731  0.11100088922088749
  0.12177727316480839  0.13262514134394532  0.14367545827191980  0.15454492405313244
  0.16543048891126672  0.17594533200674772  0.18642182207177327  0.19679110947264383
  0.20718370995638902  0.21767117565539859  0.22866890376128890  0.24011597658444794
  0.25141913467715421  0.26226203102374818  0.27292186524901479  0.28389620558012252
  0.29496044661489473  0.30574916913936062  0.31609599707242297  0.32650357255212237
  0.33704530229994412  0.34782494159090416  0.35844299891452852  0.36916977779837135
  0.37994718594985849  0.39082661581339406  0.40123938412378252  0.41164868043078418
  0.42238720872000957  0.43322126857486493  0.44382417363649440  0.45430003113222722
  0.46498211886717045  0.47585353336346453  0.48634120673426617  0.49660408232922787
  0.50655785856005076  0.51662073494538463  0.52658622565128166  0.53671767569551965
  0.54656077114500512  0.55668085227733566  0.56671970363192581  0.57686003651911621
  0.58692322806908048  0.59751227108193061  0.60821697179768219  0.61928648020725052
  0.63069105655760416  0.64244679223498813  0.65441365479367286  0.66620490061164583
  0.67761819147144975  0.68859136484834094  0.69901156323917057  0.70933280083637817
  0.71969444142780570  0.73014861159627420  0.74049421205487642  0.75082817335324814
  0.76187120228065286  0.77295391001536007  0.78307622320168835  0.79308165581445533
  0.80337593255499129  0.81387391154023303  0.82416196437564582  0.83485056094624621
  0.84616760558597381  0.85719003589637199  0.86775833027958660  0.87828336160801956
  0.88887598125413325  0.89921551353651652  0.90928848480290503  0.91963524589651235
  0.93034107388241760  0.94067969435006560  0.95066362696792339  0.96061129316832627
  0.97101575340593060  0.98104243985274175  0.99069104221379267  1.00000000000000000
 -0.00233429385606738  0.00973339262317420  0.01957834246797339  0.02958983892360263
  0.03955616845411920  0.05018623501788610  0.06090474675634496  0.07199148433673011
  0.08314354364687102  0.09441741649982009  0.10579584081081837  0.11720105829861796
  0.12854775967180959  0.13937411474967973  0.14991021270443003  0.16055445884778505
  0.17143042414266108  0.18238599226752167  0.19329647824630392  0.20430131585807451
  0.21551002625720056  0.22677867589494624  0.23783895337264532  0.24858644625590481
  0.25916492405934871  0.26958232713906122  0.28028052432231665  0.29075230702764276
  0.30154872222014906  0.31202263809750541  0.32268735981996066  0.33333818038353957
  0.34379314387569909  0.35397332200969822  0.36380859489441864  0.37357253748325570
  0.38377066969660212  0.39427779308743344  0.40523970120336911  0.41629854186312498
  0.42668343931312613  0.43718794045122189  0.44755930855675780  0.45821437778789431
  0.46864799516701922  0.47867483688113038  0.48873033570717539  0.49880509539419571
  0.50908961604685010  0.51937035235924178  0.52983704458936842  0.54042207393252417
  0.55130216306848678  0.56229648895371054  0.57337931578707257  0.58441321893636111
  0.59500841963434437  0.60542413820492191  0.61558717205203051  0.62576722864212175
  0.63616334619974990  0.64675490284046089  0.65738559509163341  0.66790721066738035
  0.67823428238440897  0.68854774778163463  0.69920414947405818  0.70991615699232158
  0.72015089453061121  0.73016451769693003  0.74012325431747461  0.74989536587946481
  0.75940917742371861  0.76923694637673923  0.77952584965601102  0.78994265842759726
  0.80009537833537647  0.81032853690326656  0.82096144716759223  0.83148030481842927
  0.84220060916018680  0.85291742630245537  0.86389121123621870  0.87471316452821724
  0.88534267170572434  0.89598400340372675  0.90680716504224534  0.91775399296215343
  0.92841888616736701  0.93904576325414957  0.94956773885389067  0.96001564692005437
  0.96998351854505449  0.97993814880387253  0.98991194530120208  1.00000000000000000
 -0.00236056955005173  0.00934877755339176  0.01926721266910373  0.02978798461013196
  0.04028303610166233  0.05054259794599303  0.06075046389110142  0.07118582551668823
  0.08172323014239589  0.09167646845961137  0.10115701876755114  0.11073759964860039
  0.12045764494614998  0.13057766595615308  0.14108648552405775  0.15178518950917008
  0.16240452665455823  0.17297881417530472  0.18351781098673894  0.19376664313247988
  0.20368465591882681  0.21400423192025045  0.22493158110529082  0.23599574692407596
  0.24690456246362974  0.25800863593892970  0.26937186935915380  0.28044166027953199
  0.29130933485189114  0.30188856843925477  0.31244159481498629  0.32289114981407757
  0.33353209453664240  0.34439688543366948  0.35495014828423244  0.36501991543718826
  0.37513143078590822  0.38539015865961335  0.39561260581828106  0.40577585604847438
  0.41608178138589846  0.42679959670151013  0.43743898693906647  0.44789306952987845
  0.45825124148941476  0.46861717105680406  0.47892830677614556  0.48943370823691473
  0.50018065096664133  0.51112132995814596  0.52198096311381603  0.53308224042373875
  0.54406775359410353  0.55507249503755629  0.56584917145025626  0.57663001205302655
  0.58760331037580826  0.59809916473770741  0.60838057834136161  0.61820931141608382
  0.62821481482024200  0.63865725343316038  0.64920198360363524  0.66019413741327904
  0.67111543782495531  0.68207782517798055  0.69259063524561371  0.70272444242799514
  0.71298428142309145  0.72336667790858533  0.73386451346600134  0.74396281964065791
  0.75398769877953631  0.76377188044121380  0.77374110259964346  0.78382691084191736
  0.79391223626398599  0.80430606572133478  0.81482101810291430  0.82573603879619717
  0.83682997492560163  0.84791076974759494  0.85887700539921719  0.86989274117066484
  0.88089856297781866  0.89176299351963784  0.90257495098182816  0.91340283710625325
  0.92406650642523014  0.93468862459427560  0.94551623776567306  0.95654103309613292
  0.96703488213065869  0.97754820420835276  0.98859170056533197  1.00000000000000000
   6.8912750156457085E-031  -1.0000000000000000     
 T T T T F F F F T T T T F F F F
