 -0.00005466742493216  0.00435557546913014  0.01237487267853467  0.02106207850798715
  0.02983863483155210  0.03848602723273627  0.04697682128522632  0.05544334301723292
  0.06367206383159829  0.07171279861823958  0.07962505766391237  0.08737677950274132
  0.09504346081341228  0.10260949897379479  0.11018147054331384  0.11759682881271888
  0.12490608364416916  0.13205298391920026  0.13922110277436822  0.14637052300990727
  0.15342633901451463  0.16045163419793040  0.16738712729741095  0.17425682935651227
  0.18117842472429058  0.18816285273958772  0.19498519560223110  0.20173804570821385
  0.20853924499557414  0.21539105461949595  0.22221280752713643  0.22902126210473181
  0.23583267856706394  0.24265449751465548  0.24946069806387744  0.25616229434059085
  0.26277108722353393  0.26939727892038084  0.27612526168882034  0.28294147524116997
  0.28977021927668700  0.29656599514939619  0.30332252073793559  0.30998297865733765
  0.31687495804874977  0.32383097116803056  0.33078159054100326  0.33774541308634859
  0.34470929243834553  0.35162836094200822  0.35857679187852154  0.36556988224328119
  0.37277241279204643  0.38002843681365067  0.38730697172920225  0.39462027352303825
  0.40197371439928897  0.40933231727972058  0.41665260233181239  0.42433785536846680
  0.43206104505775716  0.43989053096016684  0.44778885017942416  0.45571627795720965
  0.46371059578239815  0.47173445386713497  0.47962539199848520  0.48782634889014814
  0.49641113240838963  0.50521573499284578  0.51408843562470075  0.52309684811405566
  0.53224180209497807  0.54148980853807038  0.55091372322982357  0.56046592750696667
  0.57059469975879262  0.58150497488576247  0.59239408765304258  0.60344077965118337
  0.61483149709219709  0.62638631583792803  0.63814657605526814  0.65100826800458933
  0.66525606415051974  0.68006767117049338  0.69547823417330856  0.71154638742333498
  0.72801458830712629  0.74685525312785694  0.76896271762587975  0.79463146707079013
  0.82373240328180586  0.86047056574528358  0.91615201230789689  1.00000000000000000
 -0.00226504168664602  0.01018379518817627  0.02089338828248594  0.03152298983927958
  0.04207309820638622  0.05211147305802283  0.06210979425436030  0.07211112801343972
  0.08230916739633419  0.09279296329149825  0.10349659999791545  0.11392101196682544
  0.12427255650746843  0.13466115804511938  0.14586619111944202  0.15705663512827275
  0.16842551398841613  0.17981813676879749  0.19131111773870774  0.20290661019823855
  0.21382321626566236  0.22482501569285260  0.23554232019892771  0.24612076206604572
  0.25602728158062044  0.26565449989167167  0.27560900661229926  0.28630924198387780
  0.29707403100003316  0.30723681982427808  0.31743234065708886  0.32761422052768135
  0.33813021678068322  0.34876515237477285  0.35955507520170493  0.37001419013435438
  0.38081461591321164  0.39122680593621489  0.40183624975759702  0.41203335664448221
  0.42441910946307015  0.43708786785490583  0.44925760862496539  0.46034977413774525
  0.47103251147148778  0.48145846540038223  0.49158115091006521  0.50166386275661634
  0.51172033284930640  0.52204690735975712  0.53258759969781144  0.54361743737566437
  0.55509065813992542  0.56656759979381366  0.57798281484543845  0.58951180374794820
  0.60091393768215950  0.61179737172152282  0.62234599857172646  0.63291411198534409
  0.64344613011485452  0.65382439523592328  0.66395448065206786  0.67396711424575795
  0.68402827123245280  0.69443366313744093  0.70509896951118367  0.71534713456030918
  0.72525196871423270  0.73525136725499607  0.74553276274914793  0.75596478424393521
  0.76675750752334626  0.77779915374507469  0.78868852443353332  0.79911888692870192
  0.80928938746227308  0.81924423856904083  0.82886514845118164  0.83840604745301484
  0.84804972498425313  0.85797795909756169  0.86809819812448819  0.87784802543123119
  0.88737043318867459  0.89709719845909419  0.90722718451453965  0.91692050848535156
  0.92671158104197360  0.93648587955302043  0.94747307869498842  0.95865802730930039
  0.96846714990837157  0.97865137664729440  0.98910968287953349  1.00000000000000000
 -0.00276571822345303  0.01104792016628889  0.02188853700368788  0.03233594967681891
  0.04275562159262669  0.05348420599447305  0.06418972450695162  0.07468148765100403
  0.08528740900721572  0.09608827698412679  0.10694127837448128  0.11786797756225541
  0.12903778282967288  0.14015807341868511  0.15118801766144604  0.16199814682305122
  0.17249279103614223  0.18312751940823288  0.19364953551018788  0.20415783135069318
  0.21408221127684762  0.22365249333247159  0.23326750282787187  0.24289270844150365
  0.25271097277114041  0.26235655622070930  0.27220801166650793  0.28221192016562879
  0.29204446639996184  0.30193595971601922  0.31197410031308392  0.32319538431347233
  0.33414839133427282  0.34441959197098709  0.35448039590915448  0.36466164143890262
  0.37510978556753588  0.38533092323679774  0.39500671228846213  0.40566737662882174
  0.41613966955409265  0.42686148902470294  0.43760722476837693  0.44916193139315885
  0.46021971908085352  0.47060776610594762  0.48076615090259595  0.49113922954026645
  0.50162285361071668  0.51199650854291701  0.52279698647303208  0.53382712860030257
  0.54496501821485077  0.55611028485530922  0.56681041183065484  0.57716011251371202
  0.58743289052863812  0.59793813422732678  0.60820807645460429  0.61796376840925027
  0.62767621074755153  0.63762445217960606  0.64823384810748719  0.65937687833320313
  0.67047986649290492  0.68209810297570994  0.69370334227790109  0.70581231302329839
  0.71696122560077791  0.72796327863936150  0.73898385482143414  0.75003254654211227
  0.76100958440670918  0.77166294385151546  0.78189149757018850  0.79250487280784876
  0.80318757246286465  0.81347022440947292  0.82325448755898289  0.83320929766175200
  0.84337892729343322  0.85360386956304901  0.86367150792036818  0.87367753744022314
  0.88383846528983345  0.89375165881171614  0.90409859783790947  0.91472788850928022
  0.92585175664845332  0.93691082247039592  0.94747628981740717  0.95797533343867436
  0.96853617719014629  0.97912259573656790  0.98953248667213589  1.00000000000000000
 -0.00204949834626959  0.00940631417792128  0.01871689082716990  0.02892199558731379
  0.03916901036219900  0.05065578349884325  0.06230880152257116  0.07579681744427286
  0.08782350435569124  0.09906909033247942  0.11006155602600891  0.12109546629304095
  0.13212331546497111  0.14320972898798148  0.15455165511859495  0.16595582830415773
  0.17708862134381317  0.18814628892726745  0.19948272990110036  0.21095971942225264
  0.22254897913911578  0.23414441804048999  0.24508269201459337  0.25615573498601674
  0.26688515559153697  0.27735514271323375  0.28736261748178415  0.29759489143185913
  0.30869344076379951  0.31935568054351460  0.32993235998543397  0.34049507874623314
  0.35107466858056546  0.36158577803365394  0.37172649169747896  0.38155087820958611
  0.39093746600175105  0.40068883294909985  0.41101211347740513  0.42166203358879784
  0.43205052537982769  0.44249910784557034  0.45353436355772481  0.46413998192667055
  0.47421844688207254  0.48448270536382509  0.49452020676358321  0.50487671881341389
  0.51531747513092419  0.52595990317135499  0.53650005906884246  0.54680341041983838
  0.55717492741163477  0.56746749850233513  0.57761033391626249  0.58781901757313404
  0.59818691894653242  0.60901328756818884  0.62016292744249168  0.63114283807485949
  0.64172844255961503  0.65190831212336786  0.66184515774293284  0.67189587665584394
  0.68169111634417157  0.69153737767153423  0.70185996917896487  0.71241115396354826
  0.72322295860267882  0.73334491545266889  0.74295849199661568  0.75260336855225185
  0.76231960943030619  0.77214264557903900  0.78211578488050204  0.79223584038554817
  0.80222676968161777  0.81204795251123996  0.82229496285986559  0.83270080548663916
  0.84323838190111788  0.85337309670488615  0.86360312288949492  0.87382560649048169
  0.88444478473722254  0.89518076815833936  0.90624250893665870  0.91677049103675878
  0.92661129140529652  0.93645111080089005  0.94681513567744291  0.95702155085844398
  0.96708294479366375  0.97695316573092195  0.98808155739737469  1.00000000000000000
 -0.00238663575517065  0.00963694843587546  0.02018859096857389  0.03112724083553161
  0.04220151705310297  0.05324024938230563  0.06406645394263891  0.07508295974516391
  0.08589398941931797  0.09642171598881789  0.10686195803311589  0.11708456399727959
  0.12719473575711421  0.13695461486261748  0.14661395132499777  0.15614680909848541
  0.16570121525318363  0.17574722259249861  0.18591487980708438  0.19646572993722985
  0.20722793678543738  0.21838249903424853  0.22953482547247051  0.24080548766167584
  0.25213783289407493  0.26374669195870593  0.27469482799760347  0.28520210277952623
  0.29588510976586396  0.30672718304525443  0.31703020053322228  0.32652117463612662
  0.33614116740681432  0.34624594715907581  0.35652608388872303  0.36684731029178530
  0.37710974018818544  0.38795367375000595  0.39854873250028255  0.40936270237862954
  0.42023538579940378  0.43140275691590502  0.44236545688523737  0.45329295167936268
  0.46423032463183517  0.47554491720655734  0.48736311279592792  0.49905370424520124
  0.51006126123101081  0.52054089889261890  0.53061357038502899  0.54042193335697908
  0.55043087847677041  0.56065749754892569  0.57108683939213378  0.58156677341426188
  0.59175923235639138  0.60204215661339888  0.61248603797983736  0.62294437566080396
  0.63394761764795238  0.64474842151557266  0.65631147232614362  0.66799615095895526
  0.67908972547965096  0.69022533543460052  0.70081548066052213  0.71106475993981899
  0.72080392066595245  0.73083575118340038  0.74127502852361726  0.75153234833568605
  0.76149327487018637  0.77142619326548434  0.78200882652437198  0.79256189540946287
  0.80239772551872568  0.81222855740738520  0.82234757203672060  0.83233236504391916
  0.84205548895087712  0.85180904737315621  0.86219699185930609  0.87351583085553675
  0.88478562261598093  0.89624069097811432  0.90714812051419680  0.91772575668103473
  0.92819358378071626  0.93894997326718099  0.94971233445433145  0.96004416084367783
  0.97011353198981043  0.98025839617824073  0.99013623249055949  1.00000000000000000
   1.7433756239178735E-033  -1.0000000000000000     
 T T T T F F F F T T T T F F F F
