  0.07324006292103089  0.08565093216664052  0.09437680942588034  0.10174011452321768
  0.10833737733319339  0.11441886887414864  0.12026252988616126  0.12590082221252902
  0.13135426099383060  0.13668687110522842  0.14202852902980845  0.14729249314047660
  0.15239699096447853  0.15745191325547805  0.16251662253438945  0.16758838706955584
  0.17260531663633880  0.17766527924571907  0.18275130792934327  0.18784786867462602
  0.19292455394834779  0.19797059636880948  0.20297966582864474  0.20799921580238320
  0.21305918938675827  0.21815580200867946  0.22329816314116566  0.22845964498473359
  0.23369622536457371  0.23897902928978229  0.24427900671221051  0.24960825236676709
  0.25495118077317636  0.26033589286580738  0.26571305830960629  0.27115402746017531
  0.27660664659414036  0.28213084585428277  0.28768435684385546  0.29327392579833461
  0.29890550014220535  0.30457401911519272  0.31031434043637013  0.31613104916409479
  0.32201912296945528  0.32795706748812714  0.33390877399490909  0.33988408922949315
  0.34594381086273879  0.35212225303944911  0.35837549782259054  0.36472655332309778
  0.37113840877562937  0.37755506264488975  0.38404983780050450  0.39064415424704746
  0.39741429999593636  0.40437365463972830  0.41147065847196551  0.41867852180667636
  0.42595582952348604  0.43334635933269289  0.44073810456529877  0.44820430455912474
  0.45571347292307623  0.46336625565716644  0.47113377766004588  0.47905614884667003
  0.48713567085173270  0.49537626117664341  0.50382021694816614  0.51247588157814938
  0.52130036739193319  0.53038679477628536  0.53973591884489558  0.54930626665665361
  0.55905982062005044  0.56916965748557535  0.57968710600899698  0.59059684851081606
  0.60200617398302725  0.61400132460711399  0.62665018175241305  0.63989176817752835
  0.65363399720577542  0.66792461026916072  0.68302755457274933  0.69939468945630046
  0.71721800395901381  0.73639752239725920  0.75746151879041757  0.78093740790309540
  0.80869836078917445  0.84348341254560621  0.89426581138764238  1.00000000000000000
 -0.00252301824783313  0.00956087249075541  0.01981203864542641  0.03038165904300732
  0.04092026819074136  0.05130996890645771  0.06159195242085332  0.07200716591271285
  0.08246444671015293  0.09337506222932236  0.10424265419013595  0.11478030293886889
  0.12524260503936999  0.13572076551834597  0.14624992815345378  0.15670319443812680
  0.16708111606425188  0.17775450431675538  0.18842864662672998  0.19918222073695638
  0.20956328382972950  0.22000556945002528  0.23053035834160393  0.24141844410822483
  0.25226878514922191  0.26285944480016105  0.27345621684194815  0.28373777334496036
  0.29406979363027680  0.30418527106729742  0.31427325325441846  0.32467127475831420
  0.33515918800215877  0.34605206448029618  0.35698736586594099  0.36791635962039954
  0.37875454182961726  0.38947482990527599  0.40014748744234918  0.41081892555480859
  0.42149129414580916  0.43233975977591338  0.44305583965034423  0.45389198292058924
  0.46456295037580586  0.47531641995614582  0.48579368239073983  0.49617277052408448
  0.50630692986220793  0.51628703838765655  0.52624981677028804  0.53644697962259824
  0.54695739838769020  0.55774070163921463  0.56850627194903980  0.57935139720658968
  0.58994736944676796  0.60032658670254224  0.61063123254187879  0.62088609269051376
  0.63131705760056256  0.64163566434611197  0.65187136519834021  0.66221888973712462
  0.67266711068245544  0.68339281246580186  0.69401817680637334  0.70444202908915499
  0.71464350811512445  0.72480792491495682  0.73514627031876434  0.74578458263371150
  0.75642553777289367  0.76706466146865493  0.77751947890676998  0.78778467660841955
  0.79795337546244061  0.80826053247224783  0.81879119144712020  0.82956400413609210
  0.84014465699634999  0.85073811544990485  0.86120059373408508  0.87185909654690708
  0.88251105432372368  0.89310175114900348  0.90367670045235227  0.91396013530705378
  0.92440713339174685  0.93473378904519144  0.94562533287814909  0.95653787448710537
  0.96738665197294615  0.97823734156523023  0.98911518116440778  1.00000000000000000
 -0.00233441585986085  0.00945737183534665  0.01958891560982113  0.03006390506014223
  0.04054531569315213  0.05070081631975717  0.06096872110530846  0.07135193197019027
  0.08154862504058805  0.09171053063584354  0.10185980171681211  0.11277030574253361
  0.12365874806879716  0.13454295431194915  0.14530901050503106  0.15568884084245849
  0.16599734329784810  0.17658309753417567  0.18725743033511560  0.19802722156559244
  0.20817207027484344  0.21848801466654377  0.22889683435077449  0.23955731241566661
  0.25044557866082767  0.26140755911409530  0.27221298056630350  0.28308710686715405
  0.29395096676565846  0.30484853964609510  0.31567446376071495  0.32633362503036800
  0.33677752519140419  0.34691242854243304  0.35706876255625153  0.36726779508375973
  0.37748939457541431  0.38784207802558762  0.39846836392404100  0.40923300020773379
  0.41998512671237370  0.43058904846895762  0.44135053860010059  0.45192517438901147
  0.46242538253683046  0.47272899451441758  0.48314818424300576  0.49352725425998578
  0.50391287634571591  0.51415991486495205  0.52433635367732367  0.53446191948721811
  0.54493944664569205  0.55551384902498391  0.56621264198876176  0.57688014138264210
  0.58767338730153507  0.59856980915944535  0.60929403860062870  0.61997466530095713
  0.63072436627299555  0.64145730491331021  0.65229388685962009  0.66291559494007302
  0.67366154916775889  0.68438534181375588  0.69518191491048809  0.70591024202502839
  0.71649433149669284  0.72702743588844887  0.73749787024993541  0.74814771768076060
  0.75870713184371119  0.76927806516468977  0.77975616599187225  0.79006851345819951
  0.80035836769199353  0.81051055099641156  0.82107422062802693  0.83176478659743713
  0.84280341707946071  0.85361133802058464  0.86411089996263701  0.87456737576056265
  0.88487748182111692  0.89533476293189074  0.90570041252634204  0.91626520525758803
  0.92668513441524336  0.93710180666466936  0.94756967872885511  0.95806468770067166
  0.96862940581255075  0.97900409262076271  0.98954498004968672  1.00000000000000000
 -0.00238426604886887  0.00954945966179185  0.01965993429614819  0.03026953048729364
  0.04083946420521423  0.05153241623812916  0.06214363220644527  0.07254010809740924
  0.08309496977331407  0.09368430368390934  0.10425801714332529  0.11488562630764985
  0.12549804071839724  0.13624910880822544  0.14677676492231861  0.15721784290798377
  0.16763308032343538  0.17815746340936375  0.18878180443051215  0.19935628964308710
  0.20973771151106993  0.22054318892444638  0.23127312415560730  0.24214964395634772
  0.25296993393417894  0.26388765569352146  0.27481073107633530  0.28567579309682656
  0.29649056874012275  0.30706715675715207  0.31733825994670778  0.32751288007530605
  0.33767101567005348  0.34797333639102929  0.35839574638037230  0.36895858935611475
  0.37929539683221036  0.38985148461854174  0.40078796585408377  0.41204691350036315
  0.42300984747930898  0.43378538272332073  0.44442174154336472  0.45510372223855117
  0.46563512085980679  0.47627563693718561  0.48688685244208102  0.49740127170748322
  0.50810244732637677  0.51876240722852462  0.52937036942175519  0.53999252398145492
  0.55055059791822802  0.56112009541361541  0.57161742923717951  0.58223168383168655
  0.59260549097768656  0.60299609050129177  0.61339809012692514  0.62406312492325022
  0.63497503993373494  0.64576661857601170  0.65650744470262501  0.66694181846593392
  0.67742090214849715  0.68782395751717518  0.69832339064099824  0.70868559155040800
  0.71936051144053725  0.73001441536063749  0.74059660874353361  0.75091890884157042
  0.76128155534035169  0.77155636325255594  0.78185646051153035  0.79202011138403949
  0.80208452575354661  0.81241169263622193  0.82257785658161331  0.83287158112451953
  0.84302564594002150  0.85307145725448030  0.86354356098494378  0.87373814114230552
  0.88407401832210308  0.89411838386495057  0.90427993971269693  0.91454753437929825
  0.92491820219609744  0.93537585331397710  0.94590737857300422  0.95639019685517201
  0.96702157754783258  0.97776795265400263  0.98889101752299158  1.00000000000000000
 -0.00238351196404277  0.01040082109404176  0.02096710544784388  0.03155825902609104
  0.04205745684970906  0.05255961992188316  0.06290490124930408  0.07339099642176075
  0.08377882880241563  0.09433439248259504  0.10473302749896252  0.11507891816829917
  0.12534301830221581  0.13557020982619900  0.14594302696190692  0.15629378940667199
  0.16650795700188109  0.17675652754509960  0.18702971824155104  0.19756169508721405
  0.20819879951978576  0.21896518329931636  0.22946651045663941  0.24003356854442071
  0.25036461159226930  0.26099308812073307  0.27142391307927266  0.28211190418439974
  0.29251186116861055  0.30288452735959437  0.31331618271868611  0.32398618261403200
  0.33476589287282044  0.34553615079232225  0.35637956588577663  0.36709220353141520
  0.37766449282266107  0.38836517556184813  0.39918219159633472  0.40996685327195531
  0.42057610984676114  0.43111278250384044  0.44169446327475881  0.45240050092781336
  0.46323450664756838  0.47411692572115222  0.48495424591533420  0.49587200462169728
  0.50685641306037565  0.51781326593543986  0.52838354077553318  0.53862026273331043
  0.54887947379731428  0.55930348429351651  0.56994401687151863  0.58055683946631231
  0.59125110747741194  0.60205877871166125  0.61284296094469060  0.62350138807252964
  0.63415717601858168  0.64477923766015788  0.65568226582054034  0.66643892661016557
  0.67697843637811705  0.68748666599690877  0.69752880379582149  0.70768492942818606
  0.71761157590269764  0.72776981955139575  0.73781856158520831  0.74781689919481065
  0.75809373970104565  0.76838689871159582  0.77893628125184911  0.78949914555171441
  0.80027329947870085  0.81094946337548846  0.82167610292254267  0.83227139642634684
  0.84257238347916963  0.85272708101848460  0.86283391331569381  0.87316122951875008
  0.88360087740663085  0.89421018935908059  0.90477189180603113  0.91542439316460300
  0.92582932525550843  0.93630497814102953  0.94691717123250041  0.95795495206442061
  0.96880727340559214  0.97937554050848852  0.98969261073173720  1.00000000000000000
   3.1961106403170985E-021  -1.0000000000000000     
 T T T T T T T T T T T T T T T T
