  0.00108239075842012  0.00949057344865322  0.01783817585858618  0.02619143567113834
  0.03449334429025487  0.04266370468752750  0.05068129869898840  0.05858140825120849
  0.06640868073667924  0.07412122601286464  0.08170929607895362  0.08921150353482854
  0.09659210166342819  0.10385758233087164  0.11105611148172563  0.11821373782306756
  0.12529285840568280  0.13230668483182378  0.13933012033229863  0.14625309785520751
  0.15311665832144883  0.16003689519055431  0.16691859643140439  0.17380283157278406
  0.18057870477471771  0.18730412558531151  0.19397845176830733  0.20064960220737235
  0.20733541432179631  0.21407392203041048  0.22081677820078752  0.22759276481838620
  0.23432567127625978  0.24101450319052348  0.24768971187910035  0.25431858805996754
  0.26093362063891179  0.26761851711471413  0.27425376670690926  0.28093919508229770
  0.28772322791106308  0.29451710438745465  0.30128458863712448  0.30808660020573020
  0.31489962183299219  0.32167821069686081  0.32850763050244780  0.33547703500169312
  0.34242982664625582  0.34942906817866032  0.35647749025311976  0.36359314734534476
  0.37067323113020667  0.37777877824032485  0.38503031234360569  0.39245870381977371
  0.39993929198985595  0.40749401557610765  0.41509269293587864  0.42282924629175012
  0.43049008678754047  0.43821681235924220  0.44611710408512079  0.45411156504288874
  0.46213007059860067  0.47025028327598384  0.47855106968401484  0.48707015337312309
  0.49562940023020913  0.50424611181163415  0.51304700873900344  0.52199754750360727
  0.53123693608563682  0.54047464689660718  0.55000829744809154  0.55989243088189589
  0.56999302458273027  0.58022384998801602  0.59071715287202708  0.60163007968701021
  0.61322602063261822  0.62489113408788421  0.63713493840380986  0.65008207096926685
  0.66361196016918023  0.67768601970321152  0.69261583352043232  0.70879556880716443
  0.72600817007285567  0.74415409893154183  0.76548433211569000  0.78887416065822091
  0.81683890028615058  0.85298674495277482  0.90674583317603463  1.00000000000000000
 -0.00244873447489533  0.01019077993579632  0.02105136377425620  0.03206770151885208
  0.04300262066187793  0.05397993838932733  0.06495761396787161  0.07598448649507972
  0.08698460182622196  0.09795820498987180  0.10871912077505072  0.11932569885847807
  0.12981199377041436  0.14019857613029021  0.15063269367637794  0.16112216664662940
  0.17164013834607073  0.18192248676760678  0.19203107789131571  0.20232934535018571
  0.21266751268296927  0.22322568997369496  0.23386675188584122  0.24441853896073915
  0.25485288937853839  0.26532168034118420  0.27591118592157260  0.28619827593998204
  0.29626054306652327  0.30623607840698769  0.31663374829426311  0.32742152873030173
  0.33821949618555963  0.34893316373131122  0.35988331378115834  0.37086185287220036
  0.38182829284057329  0.39244513283406196  0.40296188833342050  0.41360317057631391
  0.42416803469727610  0.43468471944483983  0.44499506347561485  0.45519068318897349
  0.46560604568638608  0.47637048538463256  0.48782543004593676  0.49935255241494308
  0.51107159166580707  0.52248734727144597  0.53400884335642684  0.54510033522047108
  0.55610841741131189  0.56725339166427269  0.57825138829979317  0.58919662298946851
  0.59990269861906387  0.61072562085716309  0.62147522098362373  0.63180452103939955
  0.64221283989389377  0.65278289093468544  0.66336045131650179  0.67353614818003382
  0.68335991140888319  0.69328440432912886  0.70323445667637663  0.71351917906373474
  0.72384918228368167  0.73443542070120471  0.74512008154158949  0.75547067643202104
  0.76568464722044771  0.77575588175793231  0.78587808561014494  0.79607829450765333
  0.80629613477647688  0.81658937169885026  0.82659141652211687  0.83683575832048596
  0.84725706535006107  0.85766578181407505  0.86789961034010421  0.87836888163404858
  0.88888649578858570  0.89911791042061162  0.90939865673835463  0.91956855621173228
  0.92970841267740556  0.93987750871147091  0.94985414792511169  0.95983596413013461
  0.96976221214289959  0.97953409065439578  0.99002638419975508  1.00000000000000000
 -0.00246588581388142  0.01072088066804959  0.02179282136737313  0.03304729296405573
  0.04416868621413321  0.05503394705405831  0.06597196517767437  0.07688917745750687
  0.08758499464232915  0.09800061541326192  0.10860788315535622  0.11936231558523452
  0.12987989928462765  0.14050922146826464  0.15120846544016789  0.16203177990215878
  0.17228588557782540  0.18230127310293123  0.19218674163255575  0.20203503772731321
  0.21212236298584186  0.22234509376963038  0.23249186103775257  0.24252850741586018
  0.25247270577468151  0.26257369962445981  0.27258211907233443  0.28234055984487527
  0.29203514649986967  0.30231380553731035  0.31246800623185722  0.32297442181435243
  0.33326522464629815  0.34429237753430841  0.35498627168734043  0.36567187688285524
  0.37630822024809557  0.38656036475452710  0.39677567553967652  0.40693922955697781
  0.41701200124936016  0.42674778415154896  0.43644921594157288  0.44629160849802013
  0.45603509562879052  0.46562608128770777  0.47530779086963570  0.48521561120837697
  0.49531627515920701  0.50543273310404946  0.51575764163468063  0.52632788840008238
  0.53710918238926375  0.54751601119587356  0.55762308315852460  0.56755141623149985
  0.57765195430871641  0.58797011870315918  0.59850659550520602  0.60916548308894503
  0.61995860711002460  0.63123774378166086  0.64287373267241898  0.65510121402922183
  0.66702760260354543  0.67860237001002544  0.68975112205797851  0.70079905532655573
  0.71181533137424358  0.72269912856701435  0.73301527383751641  0.74299337749039884
  0.75319375312190884  0.76383629989379120  0.77470454745117667  0.78576443624687597
  0.79696001879103351  0.80807745551899324  0.81899922744439713  0.83004825143828820
  0.84143679276200001  0.85281874639839883  0.86397973035143194  0.87493931012264659
  0.88580806970079340  0.89684994118633565  0.90754969585364620  0.91825480705653928
  0.92904398740811600  0.93982842833961588  0.95033462321439821  0.96092986548666004
  0.97103218202543018  0.98095937099908292  0.99041676673893542  1.00000000000000000
 -0.00219430290379220  0.00881791727520728  0.01844912346096003  0.02896628113062047
  0.03992177028135238  0.05097892120063233  0.06183127664673783  0.07261302784131181
  0.08327784434510101  0.09401980715223753  0.10466402741680314  0.11533958110444349
  0.12577114079987703  0.13621620648092356  0.14641129877238840  0.15670302571860009
  0.16733938638102050  0.17846265412229401  0.18959042428949635  0.20056043634286241
  0.21151743860173228  0.22272395481727020  0.23388428854238374  0.24498527605955034
  0.25593818682742675  0.26683353807473337  0.27764431649847743  0.28851873242300569
  0.29947977652070784  0.31046867643042314  0.32122861498236432  0.33170372048527963
  0.34193349842482512  0.35194599221141853  0.36198890176665816  0.37234654946727119
  0.38351634196773826  0.39489594524699762  0.40573791419455374  0.41612329455092539
  0.42651798175045980  0.43715466505952211  0.44757339563791260  0.45776167700146669
  0.46789590870433145  0.47810611977248985  0.48837120115121013  0.49878671363012228
  0.50940733303809327  0.52015606104971646  0.53115176447616674  0.54222292799490923
  0.55295047221560856  0.56382557148732615  0.57453692386400268  0.58497011331291260
  0.59508876088340434  0.60511415800688984  0.61559375955481266  0.62611420989776656
  0.63659925614820800  0.64674702344234225  0.65688030636637662  0.66717295242316310
  0.67730964979614883  0.68732509372561501  0.69730219062681031  0.70740355098320418
  0.71744904225562933  0.72731887279326668  0.73732238772144709  0.74731322681583467
  0.75755347503831139  0.76794507569658954  0.77892252475413704  0.79009868783869130
  0.80126183030524356  0.81219633501830735  0.82292560373606682  0.83313631726127879
  0.84295762960824439  0.85283788077205480  0.86291858425963774  0.87311121848129125
  0.88340269485883882  0.89360959581166421  0.90407596584378169  0.91491373399082720
  0.92638895049556791  0.93776525750910011  0.94883372385234610  0.95959793655286985
  0.96993667983878096  0.98012793529772635  0.98998045350830843  1.00000000000000000
 -0.00234020022010808  0.00925926592980918  0.01893360573049337  0.02890135206930888
  0.03917290119923614  0.04951615382940503  0.05974399369566315  0.07039207245518826
  0.08128004962385026  0.09225797780239585  0.10322431552379212  0.11479035438051359
  0.12610887002204557  0.13687177984526191  0.14755742592294993  0.15826917785616257
  0.16867247045342218  0.17898201667401237  0.18937102307802745  0.20022252784067349
  0.21114091215949926  0.22229105668634128  0.23298636309247797  0.24390412753082544
  0.25453347958800043  0.26524869599102591  0.27577962148150797  0.28636779765031178
  0.29725561684433688  0.30806205475405574  0.31802894826973177  0.32775922715769501
  0.33793279015329569  0.34854714846061080  0.35945573089233274  0.37067126889974550
  0.38293516489051571  0.39536319678217141  0.40717235890979075  0.41828994643856426
  0.42887311301206454  0.43920780510473040  0.44943877436606727  0.45986736328803363
  0.47031216322926123  0.48071631579736290  0.49126291110022663  0.50215166597439520
  0.51341576787223686  0.52417748194353520  0.53424743901050198  0.54405142797743899
  0.55405173748280911  0.56422082353552105  0.57436470644148574  0.58448861079014425
  0.59504153756728495  0.60574276905807933  0.61611513526529937  0.62646843694643572
  0.63679242790364388  0.64734392978320432  0.65793441795673469  0.66864195282317307
  0.67914903001390692  0.69011579173521564  0.70048360506763985  0.71067446597661332
  0.72039808469334798  0.73069802853819965  0.74127025593848961  0.75174687621917802
  0.76234310605455680  0.77334410438585910  0.78430849494780464  0.79530181103953668
  0.80585729309391807  0.81630414864580070  0.82659006711699101  0.83681232886785550
  0.84653870756440308  0.85599644489579119  0.86575932235199238  0.87563439695751177
  0.88612642788690665  0.89654486693476310  0.90789877571338451  0.91864669466566351
  0.92893755688048385  0.93936266037001070  0.94977041073112833  0.96015777283095072
  0.97034569079459077  0.98027655229904254  0.99025033139975627  1.00000000000000000
   6.9117314779531142E-031  -1.0000000000000000     
 T T T T F F F F T T T T F F F F
