 -0.00000016793808640  0.00005648367916655  0.00038996266203969  0.00107959547264871
  0.00210319821198155  0.00350849401017964  0.00519650533753636  0.00713707990789650
  0.00931201111015840  0.01175739128806454  0.01453249548030512  0.01751882401282870
  0.02068187523290317  0.02395465485383283  0.02737855221258032  0.03103860129664337
  0.03484298035262788  0.03881355631642514  0.04293362960698852  0.04716263629200502
  0.05144377365822909  0.05590551927916704  0.06044991003545154  0.06521284725916553
  0.07016049681452870  0.07508043993634089  0.08004909536049795  0.08515150223266577
  0.09029837937543067  0.09552095650671835  0.10105189136644745  0.10656686989283129
  0.11199221096285489  0.11752740617809503  0.12330326081118535  0.12916533628659854
  0.13499103039723270  0.14087873343179563  0.14694443289045175  0.15323606088451536
  0.15972516067634976  0.16620440628709826  0.17264355595453282  0.17895992515814385
  0.18568603075487883  0.19254446024946981  0.19943686162282961  0.20634480784538997
  0.21325892705963351  0.22017723626232566  0.22700592080748289  0.23454683896810483
  0.24196363367807744  0.24930851453670277  0.25680610742606841  0.26454508746982142
  0.27236154486420777  0.28016932109433007  0.28886407391674473  0.29739399972507713
  0.30583599365197545  0.31431628407983980  0.32290762816306845  0.33152248194271894
  0.34016042955222547  0.34955452761280698  0.35923580466041077  0.36900983938981263
  0.37897494215249911  0.38889982245418409  0.39886106180579617  0.40885740820598393
  0.41933669489646525  0.43039995864832092  0.44202975732824162  0.45422761294378738
  0.46637501394819825  0.47868733357157273  0.49121461155868823  0.50384213791246035
  0.51656181528319522  0.52981905727218925  0.54599500476614315  0.56229102713844825
  0.57889808585338332  0.59613090251568401  0.61404280455811167  0.63234752259873728
  0.65139448640659847  0.67849839544699964  0.70749229062366015  0.73930574817494144
  0.77518662590844600  0.82484008798278985  0.89773574132996448  1.00000000000000000
 -0.00300167861886268  0.01012262932775574  0.02235553181436021  0.03525911180993597
  0.04691170072972641  0.05781743011773249  0.06854698854433790  0.07940236262277534
  0.08994141677625529  0.10028877663524666  0.11062558007538324  0.12047538337957801
  0.13068841982813156  0.14077191516481435  0.15123282410870537  0.16178134713688452
  0.17304656679410824  0.18447033420095549  0.19558699947086849  0.20647318209402665
  0.21743685314632349  0.22839299977524744  0.23873549631508431  0.24891259188100884
  0.25949315713690740  0.27036967935777617  0.28191455110468200  0.29339191471189502
  0.30455174834190346  0.31544375213042486  0.32621564304264083  0.33654871624150823
  0.34647532764341626  0.35645876103873997  0.36681658585927057  0.37725550848216688
  0.38767284519530459  0.39804859570972462  0.40822952926405970  0.41871927192709002
  0.42892210454766128  0.43939657160104334  0.44975848712457800  0.45984972745601660
  0.47011706541645559  0.48076763468013411  0.49194873966792013  0.50307190528436563
  0.51346898248096973  0.52364461382387362  0.53341598411822533  0.54295749623570833
  0.55254704813546995  0.56246828433540397  0.57329579051707602  0.58468974094463055
  0.59589017452457582  0.60655059038455350  0.61726008778080610  0.62827030332211931
  0.63921443670517131  0.65010710512544945  0.66059517980659355  0.67091297035477915
  0.68081300959488689  0.69086930973435468  0.70108194251988598  0.71173604793746614
  0.72243188784785906  0.73336137780750221  0.74449069385433164  0.75459384830403542
  0.76438483034650107  0.77416776661471121  0.78427248794691740  0.79482072005829629
  0.80591921095380625  0.81704357878665590  0.82763064160843569  0.83764727124929006
  0.84740708000117515  0.85744364352338753  0.86755962477299564  0.87805540280491734
  0.88882766505633048  0.89948935543847230  0.91014152734307796  0.92053770037807536
  0.93075212885097414  0.94079884320758989  0.95047951660477492  0.96026268750421873
  0.97017668026570658  0.98020626119895016  0.99004872392946075  1.00000000000000000
 -0.00287223215896320  0.01159501583920938  0.02370615529586862  0.03562976202550826
  0.04683401273841505  0.05762352267498994  0.06838086379268078  0.07895848165167722
  0.08979999958972675  0.10092496939763891  0.11212487331159557  0.12313300967797328
  0.13410796124320301  0.14485800172881877  0.15530601828987872  0.16583839659517477
  0.17648606149009596  0.18735185676376037  0.19830613007460338  0.20889942807860309
  0.21889470373572720  0.22853583522468307  0.23801666279163386  0.24774042940723900
  0.25763268831727398  0.26717061886002053  0.27673134514894915  0.28643327410141894
  0.29637605002300715  0.30647149652022571  0.31674237811583733  0.32727995681161015
  0.33772118728844086  0.34787405207922945  0.35759668433656661  0.36717393126938758
  0.37629504191795227  0.38542550378782126  0.39457896999089964  0.40390677025807498
  0.41324296717919884  0.42294939321020053  0.43287562514170957  0.44287737855046405
  0.45292161347050175  0.46356646021459330  0.47490158825688994  0.48652566035954964
  0.49806506441070514  0.50982324501999732  0.52149419635735039  0.53251303014287998
  0.54320249789928765  0.55382501491008163  0.56446749546719976  0.57502536045243047
  0.58553009521681698  0.59612127831852679  0.60674159645917902  0.61734506171151604
  0.62802300166262215  0.63896949168690764  0.65011004905413616  0.66150377809994876
  0.67284427352173337  0.68411685847880344  0.69566241954110897  0.70672645415779733
  0.71692713429950627  0.72716968725350850  0.73719885309230526  0.74754729717942647
  0.75755803365000296  0.76794520822968415  0.77796848503057281  0.78798569160625476
  0.79751174745958886  0.80714189098351441  0.81709163653238193  0.82832438636026995
  0.83921657659556848  0.84946056148450511  0.85938935590512866  0.86980782760781239
  0.88027263407443124  0.89103092119573735  0.90298413500252317  0.91513336949171908
  0.92725044953456559  0.93860991095389079  0.94948067224956678  0.96005229621647159
  0.97015362118805881  0.98026035059424266  0.99012709365061602  1.00000000000000000
 -0.00278026426232214  0.00967336219016787  0.02104570625871550  0.03232343469773609
  0.04395770871426309  0.05553074379860089  0.06648844766221408  0.07702315059607227
  0.08740131672758121  0.09808054785827958  0.10842469802167534  0.11826809460243748
  0.12821634228652762  0.13773133544499047  0.14772945523916986  0.15770954614027891
  0.16707164660546645  0.17617419088881431  0.18548783544590097  0.19614450165199429
  0.20779397578247799  0.21902724444644528  0.23025538066534798  0.24116611734374882
  0.25137037891108766  0.26095538548879732  0.27062296851953449  0.28085970335971150
  0.29100313248792159  0.30263083634914445  0.31418963729762001  0.32708462760435181
  0.33904833536616602  0.35078657091154447  0.36199136149567113  0.37333626964088368
  0.38494292893370718  0.39659515247895527  0.40790632957754064  0.41944265990057872
  0.43107953876422050  0.44290679932884225  0.45482073930706518  0.46629425061517704
  0.47719968641595512  0.48753297610716756  0.49744043012257527  0.50776970848374570
  0.51809187626275488  0.52897329032255347  0.54066767931636872  0.55228914635612347
  0.56330768471280579  0.57342742306973638  0.58381414397715359  0.59403418584516521
  0.60386632224574921  0.61360116777562501  0.62355382476255472  0.63402776924123039
  0.64495463114401508  0.65635969664964822  0.66750724951359186  0.67807347875735113
  0.68827331142408621  0.69819782627371296  0.70809157866763206  0.71790381417064852
  0.72763841697860276  0.73774625019856610  0.74846809723787433  0.75951533255756232
  0.77040158401839587  0.78065000992972433  0.79085725187736955  0.80083544993477018
  0.81042233171665190  0.82021331335308967  0.83042624981877244  0.84075043418940565
  0.85074092283397618  0.86047453486097991  0.87056106592231752  0.88082093505663639
  0.89077791616985502  0.90048878031282853  0.91067277225168763  0.92097762617964829
  0.93112321135024556  0.94087808824717989  0.95087718315291625  0.96042567610394258
  0.97010305866762059  0.98009249672481158  0.99022438310937189  1.00000000000000000
 -0.00232262185357572  0.01008003820575194  0.02045565932783299  0.03129043859275584
  0.04233794323352984  0.05353373848888796  0.06459942852701747  0.07497015175843200
  0.08562063381170359  0.09612723809147529  0.10666649692752078  0.11745642599182413
  0.12834393935765506  0.13937270527758572  0.15034476623011950  0.16106766346694718
  0.17163669211580845  0.18177733141292840  0.19165325672657996  0.20144509736735808
  0.21114267518407537  0.22018450141598284  0.22924711566518030  0.23826167994904515
  0.24763518504308038  0.25697664326921987  0.26598755510449595  0.27510723898124390
  0.28454276360679520  0.29433420690493395  0.30463134941067960  0.31513583593831074
  0.32563864556939215  0.33583200596080570  0.34591783348252242  0.35607812571672837
  0.36633584674900899  0.37713606718582532  0.38839830371949369  0.39941524990295035
  0.40986972472518957  0.42011504500306757  0.43021103435928193  0.44034240742300601
  0.45043469547791215  0.46059489281856875  0.47063264480262978  0.48038638041145726
  0.49021489959823800  0.50008104959303457  0.50973046618584017  0.51936023962730049
  0.52921044783674343  0.53913103526226103  0.54907497316156495  0.55912128618122969
  0.56970868166400812  0.58082074097978509  0.59211636841997017  0.60316282433249968
  0.61383233460177256  0.62466318783313668  0.63607991030310440  0.64762434605420316
  0.65850961675609920  0.66882151105371890  0.67882417361043212  0.68898285787812408
  0.69905429277055864  0.70941262492713753  0.71983307634519833  0.72989030737813509
  0.73971358380175989  0.74947659843070247  0.75942835479715598  0.76962292875473948
  0.78038457306261044  0.79145504803568922  0.80278831107391013  0.81418221247811040
  0.82557313774568941  0.83707277426214932  0.84859315841333605  0.85987437708252290
  0.87086315434897033  0.88164570695959910  0.89216305289425479  0.90286454723877707
  0.91387623439838472  0.92511170277633015  0.93647870780663045  0.94931632335120153
  0.96215139697438945  0.97440061855839233  0.98704664148051757  1.00000000000000000
   1.7927701021665311E-021  -1.0000000000000000     
 T F T F T F F F T F T F T F F F
