  0.00000053951233958  0.00013241830641538  0.00053923064383873  0.00127365344813576
  0.00234005660172631  0.00367961589952859  0.00536082885747268  0.00724790929976021
  0.00938687243979038  0.01180978759189580  0.01444621606730347  0.01726668399323562
  0.02025457441595401  0.02349345068591231  0.02691257573900181  0.03044667750974131
  0.03415431228200198  0.03792515504160764  0.04178035256002995  0.04589755539811132
  0.05018455638304281  0.05454317760870409  0.05913271418386892  0.06376304612390905
  0.06857050598286978  0.07346721737651961  0.07850091010089966  0.08371029929687573
  0.08890798495307332  0.09415105328260025  0.09921262489377188  0.10466426598307531
  0.10996127568571429  0.11541681662091560  0.12091454354274257  0.12638989546495072
  0.13193421037328656  0.13771347004304799  0.14360962212684275  0.14950467663361872
  0.15551101508660720  0.16168913367858595  0.16785396888857948  0.17399477214131026
  0.18021995102962718  0.18663949888688902  0.19307124350605412  0.19952010129984682
  0.20620604333402473  0.21307574205620033  0.21996875734793397  0.22693804142733648
  0.23392955511550109  0.24160350189243068  0.24931616291721734  0.25708954729577282
  0.26485512969820996  0.27281490226247207  0.28129372388630258  0.28982879826345870
  0.29837650448753755  0.30689915337184376  0.31553653368764517  0.32433459425705485
  0.33326836706160984  0.34227581891879288  0.35139195088939917  0.36058435980934489
  0.37031883218083356  0.38040518324182343  0.39066543131585418  0.40115532668645526
  0.41175744058222880  0.42304365634889435  0.43463867914301119  0.44657291364283952
  0.45868929781371326  0.47089206576846621  0.48345251386962490  0.49673969064947388
  0.51073346664927999  0.52493463792077522  0.53908891634256584  0.55359452498109818
  0.57048938042795694  0.58861902279845635  0.60776927681903026  0.62725060682190958
  0.64880086497419709  0.67377901062714485  0.70029059463474141  0.72884034305455381
  0.76549565603324332  0.81310895958639862  0.88560123847976280  1.00000000000000000
 -0.00181729552594606  0.00977481708588884  0.01974963570240408  0.03008371888402315
  0.04102329818551988  0.05231948686364222  0.06332969654406130  0.07381965554451582
  0.08414179387297269  0.09430967436799592  0.10467031191774823  0.11543165202795382
  0.12620595117749003  0.13677757971425161  0.14719378965502594  0.15756762403510796
  0.16818260206192043  0.17832812847211255  0.18846913477495345  0.19827321285095065
  0.20808835483607199  0.21775937597970269  0.22733056202353175  0.23716109234324939
  0.24725802622848428  0.25782169220187845  0.26894951561920316  0.28010125364439276
  0.29144383496619425  0.30267056850677809  0.31393309738668879  0.32503928133739990
  0.33593981158276359  0.34705473092610195  0.35834606698602867  0.36983843730787830
  0.38090453711579147  0.39120861147902114  0.40168305671443827  0.41212307259633585
  0.42266681767680125  0.43340633708704984  0.44400174773941153  0.45503728275964572
  0.46647949225609292  0.47841582177519149  0.48951410311561677  0.50002620653353180
  0.50981564761355258  0.51983823170717269  0.52965173417477684  0.54004570853492107
  0.55000754987270950  0.55969791100149791  0.56922217897694194  0.57858713311819865
  0.58832169240835874  0.59799926951150861  0.60813856823293289  0.61874717450228212
  0.62964555488294016  0.64090218754587214  0.65241394433251287  0.66400082617507705
  0.67575619319756386  0.68745744508464679  0.69845853682368675  0.70920132431749305
  0.71911545493528739  0.72934203094391914  0.73906246609371662  0.74917304013884845
  0.75916880468067460  0.76940784754954783  0.78008787543400060  0.79067273422393269
  0.80093607073871198  0.81114932883619029  0.82162339389932992  0.83214694655444821
  0.84293088592153376  0.85318666769442286  0.86368620037038335  0.87449676664515352
  0.88534423973568321  0.89583656130172551  0.90588297498636428  0.91594445832895965
  0.92620775090596141  0.93638177738725148  0.94786329128967994  0.95923264278273535
  0.97004610048721385  0.98018524874786639  0.99020263676025833  1.00000000000000000
 -0.00293201268802210  0.01142305834806399  0.02358436407859710  0.03510239207362115
  0.04646686315666790  0.05780568247909455  0.06888979590575864  0.07988849264601844
  0.09104222161463156  0.10211366294054498  0.11249451752317392  0.12257895625043566
  0.13275089428955850  0.14344923891262470  0.15433990872048600  0.16519589746093322
  0.17587432667417430  0.18650534153863602  0.19730804400846297  0.20782522702195252
  0.21816901174555595  0.22846122478380501  0.23911882315888813  0.25000388053049688
  0.26082628382228429  0.27166642284059889  0.28208344160133175  0.29209150037793541
  0.30182348170126072  0.31150331439925427  0.32142923598085549  0.33164926953260304
  0.34231949903922343  0.35333815336759922  0.36415494272333460  0.37474976382953817
  0.38557559576956724  0.39676936596370893  0.40802541506736562  0.41898060780050628
  0.42951414421339745  0.43954710815170911  0.44921706379628523  0.45923567089189044
  0.46999791075292779  0.48116060405519573  0.49219687343204732  0.50341604277367280
  0.51411963980876629  0.52431913766424110  0.53423148464587034  0.54433233566994699
  0.55448528772934713  0.56469804741343754  0.57484709678672918  0.58473591377277956
  0.59439936420844297  0.60426032901135895  0.61460371140879455  0.62527980203314870
  0.63594845715516479  0.64635331182128031  0.65640044011071486  0.66640045237572976
  0.67663110785505121  0.68691299833010067  0.69725001681682730  0.70752023161763311
  0.71799195096790747  0.72851277951898308  0.73876016342622064  0.74884753717516395
  0.75865180634449747  0.76861960993679712  0.77935385458369644  0.79014939604286605
  0.80079102353911513  0.81141154567858942  0.82225885200365079  0.83348924341353003
  0.84397745668557522  0.85477864128290415  0.86518751997831256  0.87575015715347404
  0.88641203597597840  0.89710337576898747  0.90762722950365815  0.91791319355060186
  0.92846862345393155  0.93898261261923632  0.94937342158641458  0.95960877112828280
  0.96953182884281008  0.97986724466185915  0.98986784057699961  1.00000000000000000
 -0.00242238304659038  0.01122649136940578  0.02245479991131483  0.03341769524518164
  0.04358238617769093  0.05342337663488115  0.06366893263370868  0.07422417214834584
  0.08503363594575156  0.09579011845824385  0.10661034340187246  0.11733253480522009
  0.12809024126173782  0.13866899655627193  0.14893797134797235  0.15884195319200242
  0.16876401245000558  0.17894157507672898  0.18950261408211327  0.20026049964407103
  0.21077422767490334  0.22126217735143211  0.23179585727807903  0.24284733837031441
  0.25411071188534634  0.26507479892828562  0.27571426796647092  0.28611950012821491
  0.29677395265593343  0.30753521441319420  0.31802671754213913  0.32857566537582317
  0.33926127315400650  0.34984707149640071  0.36044224982689038  0.37126539438902051
  0.38169664805343367  0.39203972868973852  0.40215570011043911  0.41233150102896532
  0.42248663428347638  0.43260793676441983  0.44299854407110645  0.45388044335826372
  0.46477432312120182  0.47609334683433757  0.48715022810804542  0.49791769379264783
  0.50942913317118388  0.52038357813502767  0.53151814285266152  0.54169693138859698
  0.55231438317796167  0.56279700033721258  0.57350277717447784  0.58409171870169241
  0.59471368165525040  0.60500900141376124  0.61531107696878251  0.62537857482702852
  0.63577573865748960  0.64607655483605952  0.65655605780206694  0.66709192528088146
  0.67752252183733330  0.68801373227514095  0.69806128895427655  0.70776155640920224
  0.71800931799112122  0.72812142364532240  0.73815796444060411  0.74833766819761016
  0.75878827786589131  0.76931745271666208  0.77950655907518773  0.78957985085888638
  0.80044854551241529  0.81141718954165643  0.82270377914542947  0.83343075514148868
  0.84358046665504915  0.85367048389408640  0.86366811127431953  0.87364395050995991
  0.88400192997523330  0.89425466309234403  0.90443868846820330  0.91409167460667773
  0.92399261207780603  0.93418685651361300  0.94465599732624372  0.95551933713263804
  0.96655811788929469  0.97775319364535973  0.98873892178940048  1.00000000000000000
 -0.00199733029165980  0.00900682763154948  0.01838077207879248  0.02808561961386057
  0.03782139740710504  0.04763667492211720  0.05768277427731526  0.06819905332748961
  0.07873722993193479  0.08917597092763553  0.09995675531827228  0.11078944445930140
  0.12264645487431441  0.13353342713096172  0.14456906539778283  0.15444440854335206
  0.16443194276597853  0.17405972446216805  0.18380222328381407  0.19342043532597561
  0.20306149518430927  0.21254860039789208  0.22227117840438856  0.23204115441311374
  0.24211941366041800  0.25285530774549791  0.26451111480615919  0.27602727274259348
  0.28741682129736773  0.29881614287456754  0.31042679426978559  0.32154976179301920
  0.33297624155659272  0.34385663791310495  0.35473442716122872  0.36488889930551471
  0.37510672771093406  0.38524318854873119  0.39576489638034795  0.40701293329386773
  0.41805454170221462  0.42944726488966589  0.44024105373509986  0.45118139826805786
  0.46191494662752197  0.47253956386357338  0.48336892365733669  0.49422317424466550
  0.50499109441978574  0.51584550355275149  0.52673764905619147  0.53764694014659964
  0.54839470466689577  0.55890409618241932  0.56925890190064088  0.57958539338786907
  0.59014846105011565  0.60081752804044064  0.61184760580107378  0.62306610444304822
  0.63411416030213841  0.64482515511643457  0.65530075541842170  0.66561627371234966
  0.67582360152661480  0.68591167448238111  0.69639665001094175  0.70662938386942220
  0.71746737544811556  0.72778892756818714  0.73920282322436504  0.74997853104733592
  0.76087822754166257  0.77141567700816382  0.78160048701617257  0.79132814804782992
  0.80082413743183778  0.81028376157742199  0.81996663929662106  0.82947985180606965
  0.83921791896455977  0.84886772011735290  0.85880791750083307  0.86888579672754762
  0.87894116590520222  0.89008207874113821  0.90142708376431180  0.91356294859762432
  0.92458787763353489  0.93571686701350976  0.94675281587628068  0.95806129784807303
  0.96871927132171132  0.97911599347059375  0.98975305932091273  1.00000000000000000
   1.0039874600066861E-021  -1.0000000000000000     
 T T T T F F F F T T T T F F F F
