  0.00119762573217437  0.01000588290415129  0.01853347367493041  0.02707077440047193
  0.03548015157011862  0.04375759856443902  0.05197200533198029  0.06005065628573358
  0.06800019061756486  0.07577060070900168  0.08342402647334565  0.09100419044029072
  0.09852133912840144  0.10592143148754395  0.11321884096931116  0.12043317912624381
  0.12757858655341045  0.13466034453451503  0.14173616748544077  0.14875948017333737
  0.15578310851801741  0.16275751303324956  0.16959864477836759  0.17648776764735274
  0.18333966729574866  0.19020119899578813  0.19703231174277971  0.20383004603329591
  0.21059501603491412  0.21737171452657103  0.22409790906023477  0.23081790394608587
  0.23750568383009024  0.24417956360611767  0.25090867602803046  0.25765847489922000
  0.26439352138257854  0.27113116503613893  0.27786266948298471  0.28461300677444745
  0.29137160978246440  0.29819438097511830  0.30494859959602044  0.31176082021282020
  0.31866326282821339  0.32556236758244950  0.33249271973555306  0.33947071406962193
  0.34639017788542686  0.35335459271945313  0.36039398049610116  0.36759431996567032
  0.37475567006192984  0.38196655174966643  0.38926326745191264  0.39661994471671153
  0.40399489837606778  0.41134279920413636  0.41876757190062602  0.42633679461670282
  0.43394776874496677  0.44161680775678785  0.44938673550227715  0.45728823982373257
  0.46532065978590481  0.47337275960894548  0.48162422795451271  0.49019777832823075
  0.49876762686301057  0.50734257154994000  0.51602420016018424  0.52482420008769737
  0.53389442028356404  0.54302629284254333  0.55251808826061932  0.56241956024822515
  0.57265708552727468  0.58312268850993465  0.59377899603062090  0.60480298097452667
  0.61659480066441308  0.62836906175947083  0.64066274490200803  0.65352615972256678
  0.66688137727530339  0.68081092594975090  0.69570021288861839  0.71189821006054221
  0.72910607505007374  0.74723950630175262  0.76849526616349417  0.79188520119262173
  0.81996506115945700  0.85585246619069300  0.90852073901218133  1.00000000000000000
 -0.00275394745156075  0.00995645368516139  0.02106065254207937  0.03214638723580072
  0.04358453083080011  0.05468199941108964  0.06538798323993901  0.07584487069613313
  0.08654350759916633  0.09724765762378246  0.10818437952505659  0.11917955863233254
  0.12996119577776549  0.14060182949257211  0.15102641882184412  0.16144017561786494
  0.17143285075766473  0.18103667641082455  0.19104497622565825  0.20132131211483933
  0.21160086945038745  0.22187805074353628  0.23249411935789885  0.24357327477545998
  0.25430194494877212  0.26462024407472651  0.27523643677105536  0.28615044313052918
  0.29693357898330303  0.30746110834654050  0.31800386940950082  0.32875601022032908
  0.33928740002951313  0.34958016345043308  0.35991322599024106  0.37030674922062323
  0.38089833154830899  0.39165845325034460  0.40265906873634577  0.41387482172096385
  0.42518715272113111  0.43632696593960013  0.44691150884088410  0.45705987811259646
  0.46693143808519638  0.47673682779058635  0.48701265277403832  0.49731860197290800
  0.50776027299007376  0.51814950853738762  0.52912624644316486  0.54031827108633546
  0.55146901038947649  0.56216203590147362  0.57261876986880811  0.58304610109411026
  0.59346823931936010  0.60390151554427507  0.61417803702822027  0.62486974500128767
  0.63587451946262452  0.64673564917282278  0.65685521563381111  0.66682548988742774
  0.67706749139980138  0.68757445563723463  0.69780392283402648  0.70808620376744169
  0.71841166050083693  0.72870466913654386  0.73859233993949436  0.74863590934578461
  0.75940308683528313  0.76990150356751197  0.78036956214852060  0.79064916040711997
  0.80122354380531857  0.81191845179108568  0.82248534453649680  0.83317240905727785
  0.84404312666188619  0.85507187377167337  0.86631678194928607  0.87726613446550816
  0.88773763173892195  0.89782886387748728  0.90796912686926934  0.91821792203628905
  0.92853537217366877  0.93903784320185868  0.94966492796843704  0.95997085495861789
  0.96979785411086328  0.97967674020523465  0.98975138439588339  1.00000000000000000
 -0.00223124739340495  0.00919075622713887  0.01884932457741718  0.02939801996528225
  0.03964075277806856  0.05087313468560620  0.06207319405142846  0.07325388992758144
  0.08421238243874628  0.09490835942646556  0.10504303860407903  0.11495497618165958
  0.12512393701282870  0.13563356708118093  0.14636082225953009  0.15713570889248493
  0.16787204253737656  0.17834168410414522  0.18872558801331124  0.19942184330545157
  0.21026789111277258  0.22086221991300636  0.23145171275835708  0.24221340904267788
  0.25300212589145826  0.26398605226455568  0.27532318639480352  0.28691951293037238
  0.29828971052111908  0.30916373981150680  0.31952497527001450  0.32965759240574055
  0.33996482689102636  0.35045155580067472  0.36093551156937265  0.37132614825581434
  0.38182766317861244  0.39261281725193503  0.40329438686648195  0.41380069945981529
  0.42414514645158646  0.43460537049057341  0.44527310183861202  0.45608903184937577
  0.46704866341076079  0.47791349033850777  0.48830827256691939  0.49835186670400899
  0.50836028384235032  0.51848750346401873  0.52851875369631840  0.53850608357950858
  0.54856461396057743  0.55888053368275004  0.56924855379606309  0.57994673703833632
  0.59116240841609635  0.60255151133602558  0.61362171417455469  0.62426293745513461
  0.63476934678415653  0.64536745513773341  0.65602734991856249  0.66674778657609746
  0.67745445236515789  0.68802247524030014  0.69851025436843406  0.70896093032151908
  0.71931570354063235  0.72959381865276374  0.73986843957269166  0.75016604304084655
  0.76049401625404300  0.77109389712771692  0.78191461625629577  0.79247809158766092
  0.80269668784715720  0.81301509660383786  0.82343016355858745  0.83377938667736096
  0.84380740854218050  0.85390385887617337  0.86442960918249301  0.87491753155475882
  0.88533134019200010  0.89572883255441271  0.90616369658630980  0.91671343275280204
  0.92648026105751591  0.93645835797168631  0.94654113254949246  0.95677784766003304
  0.96708004240564560  0.97770322377330332  0.98881767674252219  1.00000000000000000
 -0.00211202838290163  0.01013382867369877  0.02022578499182398  0.03088574715333989
  0.04151329447491386  0.05217371093636935  0.06282710755883951  0.07371569398371824
  0.08466901214477236  0.09470037675939263  0.10527307381558193  0.11648908375322391
  0.12772970272881806  0.13823976070781277  0.14865695194205863  0.15977756030099213
  0.17126494510820955  0.18261467431675929  0.19371411269759753  0.20432013129087695
  0.21476915393126647  0.22537931753731497  0.23592855058759057  0.24631461286253498
  0.25668516866993113  0.26691681651484872  0.27707508178949192  0.28714400389579375
  0.29745877474227911  0.30783756104655896  0.31784048759822270  0.32789553435586311
  0.33824153970000354  0.34914725718375889  0.35974485597809414  0.37015302529464650
  0.38039134576512729  0.39071837567477574  0.40105336224559496  0.41151131835913668
  0.42225950137113166  0.43298431708146684  0.44410471097090609  0.45533797309569518
  0.46655540032023979  0.47734370486096217  0.48779167664101225  0.49801971336482748
  0.50813519484495440  0.51815731290959954  0.52831084334738021  0.53850226582466232
  0.54889539158140865  0.55963759835405114  0.57011715779549499  0.58061195519092723
  0.59126722009652932  0.60208094602004270  0.61251839557641596  0.62302399087602023
  0.63404005519152473  0.64522115429444127  0.65540600961969098  0.66558775778554957
  0.67576104093964395  0.68619928743100023  0.69651487775454091  0.70675585815964292
  0.71755248359080570  0.72824050438564703  0.73901819683874925  0.75006966113652374
  0.76104520857430114  0.77179951624872678  0.78203114211157865  0.79247555375194356
  0.80329611450599758  0.81404889166571570  0.82463906809265253  0.83523439922496656
  0.84583556608116228  0.85666444409632403  0.86731973911957450  0.87780955648760262
  0.88817767745832044  0.89853664553474244  0.90885696044525011  0.91935661069507324
  0.93005101967448567  0.94064322015257607  0.95065166622911823  0.96080481066834456
  0.97082570171542870  0.98077073856483921  0.99037690053411120  1.00000000000000000
 -0.00235367154789153  0.00926124197932643  0.01930152029892965  0.02975000093074118
  0.03995603773284471  0.04968091195242159  0.05980226819831057  0.07002048647812165
  0.08019026215828040  0.09043716488751155  0.10075813234137608  0.11152051393754564
  0.12254690721528098  0.13365704341377527  0.14483244110088844  0.15517180306971745
  0.16539569156152598  0.17616083936944918  0.18728718454829718  0.19852495202537768
  0.20964328304319213  0.22094867272739852  0.23176855132331414  0.24211675103272962
  0.25241080579918318  0.26294774947700278  0.27338457195542237  0.28379003326973828
  0.29405099114085026  0.30411918074893923  0.31436156466518228  0.32485752591123945
  0.33509044933820170  0.34498460519329033  0.35492241306614120  0.36507180276354728
  0.37504258795751505  0.38494142993149733  0.39497922620770887  0.40550830581380271
  0.41596599631025616  0.42614792430391191  0.43637718557431149  0.44674011820056764
  0.45694917524191470  0.46712925675313399  0.47748879124493521  0.48847022375451499
  0.49936720176779942  0.51032470262895835  0.52106167635964684  0.53197102362989024
  0.54285761431337975  0.55380530993346788  0.56459132708823823  0.57501599572798612
  0.58514259347389863  0.59528869983609156  0.60552970521133165  0.61590932401455911
  0.62623772849748038  0.63683757534249030  0.64717443112058259  0.65742726256415807
  0.66749246024317466  0.67805602539459531  0.68856012277793899  0.69906091558863748
  0.70940716479371824  0.72065296509438981  0.73156579507103159  0.74279269894746203
  0.75407741367368386  0.76599135238056948  0.77800089686566865  0.78990953068441772
  0.80121600853695385  0.81213769404427083  0.82294150874646288  0.83355932464560589
  0.84411839390799326  0.85473899503041495  0.86550724989505712  0.87616209662425637
  0.88641431480536159  0.89663900812642749  0.90691300233399708  0.91729077031517114
  0.92754720578356531  0.93763374513944364  0.94776093014314311  0.95780738990920711
  0.96849495016034237  0.97879838818510700  0.98944972032418210  1.00000000000000000
   1.3701692189234045E-031  -1.0000000000000000     
 T F T F T F T F T F T F T F T F
