  0.00149112163945931  0.00287209907910688  0.00427714701492210  0.00584069080679338
  0.00762299472018959  0.00960191151176532  0.01178031162501511  0.01410837338618093
  0.01668330246760808  0.01946817380389065  0.02244690081202811  0.02563850403853821
  0.02895500280702706  0.03237446012690928  0.03592556372167960  0.03958453588267925
  0.04330679381829917  0.04715194361863290  0.05117471863106896  0.05531853281325929
  0.05951465296904092  0.06369434178132105  0.06801685310145508  0.07256534928230535
  0.07738506262965415  0.08227907570518059  0.08717891983335921  0.09205284586772719
  0.09706177390376942  0.10217919646895071  0.10740133197470257  0.11269557441234604
  0.11810968940463552  0.12358163565523611  0.12915213938595077  0.13485145025702563
  0.14069182292022919  0.14661823054113510  0.15253297370221147  0.15849724209247112
  0.16458044637897179  0.17081719209503982  0.17722611879319622  0.18376695308875318
  0.19041632006586950  0.19707913208410588  0.20379143280998710  0.21053983774329085
  0.21730731212276314  0.22419868564976972  0.23120922501250860  0.23830972088651975
  0.24565170852367810  0.25324040266732806  0.26079976266927501  0.26851915993325043
  0.27638201524458039  0.28418801966372220  0.29223600878820821  0.30043299222737913
  0.30881974102633059  0.31734264301419979  0.32593083653355692  0.33461424178752230
  0.34330991042990661  0.35218664256528481  0.36126879182948912  0.37045744589766205
  0.37997795112579830  0.38980322641045584  0.39982737698261939  0.41014506522254035
  0.42080712930036696  0.43151464283045715  0.44275716703371232  0.45407865584768309
  0.46566197192599462  0.47780764768031730  0.49060177649798070  0.50367455563309749
  0.51778761271351714  0.53250830514555292  0.54742300564497226  0.56304433897774964
  0.57943246787384428  0.59640100967551934  0.61483746644534876  0.63453855153701810
  0.65560370631793419  0.67806355898374682  0.70405169470562001  0.73348688882788871
  0.76733611684426195  0.80973776303357070  0.87515929304304008  1.00000000000000000
 -0.00227567823340811  0.00853473010527878  0.01834414877484435  0.02881016019642061
  0.03952083445260111  0.04969409158910137  0.05987174905632248  0.06957905671719317
  0.07958251063482269  0.08963061167584754  0.10016773636691174  0.11061637939799075
  0.12105690259912502  0.13155614116931094  0.14205706349175126  0.15222024735240031
  0.16220839631365550  0.17210213650807071  0.18215960334208736  0.19233377923687503
  0.20276400994542004  0.21300367980549137  0.22372609076994798  0.23425081051963495
  0.24533817539502761  0.25643329801630699  0.26731922548812870  0.27806117756729681
  0.28862157341617917  0.29903829439836160  0.30939697253968690  0.31963722262188032
  0.33000828804430193  0.33978198337414095  0.34963009758991870  0.35969946093923694
  0.37066646224348354  0.38130430839282942  0.39125831148833773  0.40066496203225332
  0.41009905558006043  0.42008041103807342  0.43054215020721892  0.44112153683209510
  0.45186143026618819  0.46309651148312975  0.47440319984422796  0.48542360985869304
  0.49647942497001241  0.50759964336398711  0.51902462657044068  0.53005526072733422
  0.54126037781506253  0.55199453655347464  0.56260878035995054  0.57316163991162195
  0.58355106618724450  0.59414583722801484  0.60488338341845982  0.61604011527805425
  0.62718361149303159  0.63829843883377846  0.64938181106337345  0.66068773247212143
  0.67182356728952364  0.68241998979078344  0.69265893822454327  0.70279932354304953
  0.71356588387605946  0.72479366435385439  0.73639344793494410  0.74814949565697941
  0.75920228107915799  0.76993996235170215  0.78019078575139456  0.79042782727831196
  0.80109229520734293  0.81216514715556254  0.82328141992845993  0.83416211281251162
  0.84449995373758557  0.85472180002684617  0.86455433799300307  0.87473986475597731
  0.88459004686748000  0.89425201272668309  0.90438927324202933  0.91482444958550713
  0.92580857034521913  0.93671762708658324  0.94755883581245337  0.95808862388222649
  0.96849620703159012  0.97907093323860717  0.98959227716638909  1.00000000000000000
 -0.00215457929593414  0.00936953367376404  0.01919726765399332  0.02957185203764977
  0.04011091621245725  0.05073353602744317  0.06171278240049835  0.07291217038017860
  0.08376484438503615  0.09395887658837156  0.10385266547549708  0.11383177851681350
  0.12398160541665003  0.13411804537230360  0.14448744180487663  0.15474958750840284
  0.16481565511563184  0.17469376752049809  0.18459116160310077  0.19527647028881939
  0.20591032662401407  0.21622043045276845  0.22656826302963429  0.23763855615238016
  0.24919852456968300  0.26023982225555997  0.27077923258053649  0.28109617321305935
  0.29145051858689114  0.30157581284057572  0.31163824329886652  0.32179216993781717
  0.33235216213462276  0.34323169804508225  0.35421841420659517  0.36500726490419039
  0.37543126596622239  0.38560906130169620  0.39578978171305129  0.40604669629752033
  0.41639162050035256  0.42689570151616324  0.43748676534375958  0.44802495253687824
  0.45834963812605550  0.46856554296594460  0.47881350609933920  0.48904564726874572
  0.49922306657024368  0.50911564131947384  0.51869881601049916  0.52825736968763870
  0.53814138224188535  0.54879644711839315  0.55994548193343252  0.57068160558852399
  0.58106954340945283  0.59162458038869870  0.60240119633316469  0.61316815286332993
  0.62391359295066018  0.63465824752734123  0.64530806441180988  0.65587024359671364
  0.66632531947856066  0.67718287238197761  0.68819643797155583  0.69954311238301825
  0.71077960891486358  0.72200913003728184  0.73318131311452672  0.74464538488855792
  0.75599610359822678  0.76707057628015973  0.77839786842687120  0.78891722920642582
  0.79878551121116959  0.80854704094613805  0.81852346147444877  0.82914558095850077
  0.83926254838185266  0.84999173203846790  0.86109717122285478  0.87261826210518301
  0.88323153812216226  0.89386838118474321  0.90447456053402364  0.91514109701774149
  0.92564633030311561  0.93589841923297923  0.94669916458729841  0.95734893040765923
  0.96809182191993981  0.97874286181600312  0.98948441254300923  1.00000000000000000
 -0.00257147572633799  0.00967287488165423  0.02022719042697806  0.03137954607603602
  0.04255494420153691  0.05349826217532050  0.06392689376112061  0.07407467421130889
  0.08419500477622167  0.09454428423605626  0.10516320047329826  0.11605201130825728
  0.12663854701818414  0.13715885411765963  0.14761683217807717  0.15819682354393588
  0.16912670186410572  0.18015616319597585  0.19115856988544996  0.20165739759484202
  0.21221740830907412  0.22257286360848680  0.23278313027256464  0.24281690673466305
  0.25327660379308992  0.26388490389729580  0.27462692672087036  0.28524856353281164
  0.29554108885749658  0.30621624748943904  0.31709338169101320  0.32817581606968887
  0.33842365504865862  0.34849174504650959  0.35867780503414931  0.36879509198076832
  0.37915452698348523  0.39029311888696760  0.40141767864788425  0.41238735980838070
  0.42292860364120566  0.43347278769073611  0.44378547256145368  0.45380814649820078
  0.46409989885846553  0.47473134980533016  0.48542805163073444  0.49607938393653261
  0.50661711491415895  0.51675305001747995  0.52691601322570669  0.53700126299913464
  0.54742260588542546  0.55797191891884590  0.56877960143653017  0.57930335339612404
  0.58975245953197930  0.60033348910844597  0.61116610622149370  0.62233362290996885
  0.63313137665353292  0.64363866276148252  0.65426412052011029  0.66495981841769947
  0.67592498007769430  0.68692834619980103  0.69708912781449384  0.70742331952124948
  0.71761934368719682  0.72805552211709279  0.73824383738301624  0.74849269459516243
  0.75906903915460966  0.76986120813531622  0.78045415446475230  0.79087878981758952
  0.80098792766065452  0.81090501482081567  0.82108829592236754  0.83137941154480544
  0.84186044504108659  0.85209244805943218  0.86302039416033827  0.87410049968818260
  0.88475652779484792  0.89494166136279563  0.90517597350977530  0.91544235619280923
  0.92582953557266057  0.93613539079349439  0.94653823264761250  0.95726007051864359
  0.96839737805924830  0.97952740088843526  0.98996875895368919  1.00000000000000000
 -0.00225653707723527  0.01057299436831410  0.02142863871110674  0.03230513480187312
  0.04260490620528610  0.05271942743802994  0.06262201632468786  0.07292565652502155
  0.08284181071877859  0.09325847304065481  0.10366747653175165  0.11437559089739888
  0.12497644587804523  0.13549494964456582  0.14571810311335340  0.15552884296938110
  0.16505941587591458  0.17480718377523019  0.18463327656410886  0.19472555025114155
  0.20483240842559530  0.21530904577754650  0.22581132262138476  0.23612681721195472
  0.24632566598350888  0.25645120202276400  0.26676013761781781  0.27760011692688574
  0.28922767234154978  0.30079586565440586  0.31198924821885765  0.32312255925245059
  0.33410223865863425  0.34496104122197480  0.35579408657581252  0.36671003160136045
  0.37778676484988000  0.38860381735166449  0.39944046351169199  0.41034535121359461
  0.42144868516469147  0.43241298788411681  0.44310684796597416  0.45391190264904552
  0.46467250265267357  0.47485491462703405  0.48458325060720997  0.49426906930527520
  0.50424884554528959  0.51457327405016839  0.52501967403448235  0.53577688730707751
  0.54663331936747850  0.55781825370010929  0.56923106085064579  0.58073625080018565
  0.59175029581519367  0.60254150799795914  0.61357779249424405  0.62463873935025649
  0.63530962447130068  0.64564855199319360  0.65611129351188124  0.66689031185823355
  0.67787514108253855  0.68865403150718285  0.69944411178290422  0.71001697345702253
  0.72044365261220444  0.73038983383192524  0.74018836435840707  0.75025834757949772
  0.76069510307154176  0.77114691271109714  0.78127803231299131  0.79134206808897312
  0.80178432426487511  0.81250188851450822  0.82360445947967553  0.83444261170401468
  0.84488276942098595  0.85510543019602203  0.86524540957366680  0.87566206269150026
  0.88595128177394933  0.89637888776735553  0.90696707255184572  0.91757597049056960
  0.92793394177061805  0.93837770408582533  0.94881972192079767  0.95930512751373920
  0.96938142827907448  0.97951958746438339  0.98970639046843856  1.00000000000000000
   9.9451237089124293E-022  -1.0000000000000000     
 T T T T F F F F T T T T F F F F
