  0.49989369753373519  0.51150967009583836  0.51727440238339439  0.52131094492390584
  0.52541931070005876  0.52929894781503639  0.53301814160791194  0.53662755324210287
  0.54015401164686372  0.54360793281336739  0.54699500487975050  0.55032819212683037
  0.55361031536843353  0.55684942736374055  0.56005807293061283  0.56324320467152900
  0.56640807416522876  0.56955899195237769  0.57270120384556311  0.57583400734580814
  0.57895730517964772  0.58207200561296335  0.58517524493619366  0.58826558079087587
  0.59134648821577052  0.59442302277256553  0.59749617060263849  0.60057892902589716
  0.60366816481532026  0.60676481204607813  0.60987032161960175  0.61297215184020071
  0.61608643893571546  0.61921721179272537  0.62237038879484907  0.62552730921713895
  0.62869844369680017  0.63188244722385278  0.63507408191701320  0.63827642552131314
  0.64149094087820335  0.64472909582783822  0.64799990391539042  0.65129356509416259
  0.65460206533825760  0.65792707141926288  0.66126402128960449  0.66462229802092754
  0.66801237974776395  0.67143547733017050  0.67491653123246420  0.67842507005075814
  0.68196307061570616  0.68551982376317255  0.68912260820353566  0.69277552125798836
  0.69648371356322591  0.70022406206940602  0.70397591473345600  0.70777195373113710
  0.71161341263405686  0.71551395441819854  0.71947179332548405  0.72349769292074839
  0.72759826131413907  0.73176930139920759  0.73601044859558429  0.74031561898774878
  0.74469178137395797  0.74915112515849691  0.75371157834957347  0.75838301346597392
  0.76314998518892496  0.76800773749286655  0.77295453565912342  0.77803763525828129
  0.78328352699420900  0.78870632465477764  0.79428785612355179  0.80004269021242547
  0.80597918373371014  0.81212033887579993  0.81849707278572781  0.82515816867963421
  0.83213878300374267  0.83948193244114655  0.84722672251554476  0.85545535283033780
  0.86431888958990966  0.87396638353263456  0.88459252606051486  0.89653608813253105
  0.91037138290486197  0.92714899445846510  0.95162999392191838  1.00000000000000000
 -0.00232491544068428  0.00983904003815412  0.02004522202958383  0.03053308210338403
  0.04094041639352160  0.05144647290567107  0.06196420519081118  0.07249030108399314
  0.08306361049332542  0.09351848377532997  0.10410814999945706  0.11451273572590133
  0.12503601369914427  0.13548143323466544  0.14595822867367456  0.15640954823547165
  0.16677275480609338  0.17717398161981018  0.18753050501684404  0.19809713607559218
  0.20866364492175876  0.21904422303937840  0.22947220857172915  0.23995106698053623
  0.25043040354697005  0.26051991929442325  0.27075283203840306  0.28121887857460065
  0.29190642358805885  0.30239195047047290  0.31277725934459055  0.32298065100379852
  0.33310969190509321  0.34330662862104183  0.35342982273589346  0.36366256259544782
  0.37389845575730307  0.38431444124395392  0.39479059860510030  0.40513192848074986
  0.41562277109678014  0.42616881734401052  0.43669560830590048  0.44711826858213150
  0.45739463759226240  0.46796884325809429  0.47847560181428206  0.48921012333378394
  0.50011157744978696  0.51113341873539264  0.52209831518080996  0.53256124110888547
  0.54334110603430541  0.55423493999109374  0.56499552716818002  0.57535884169293650
  0.58554302313133411  0.59588709621333824  0.60613542075861526  0.61639277837118978
  0.62668198570303357  0.63716291227830013  0.64762077374046889  0.65814087099273333
  0.66874434313424147  0.67925856215038094  0.68990658651858661  0.70066268872849558
  0.71138577142291826  0.72193054745347640  0.73252740128188309  0.74321842992693299
  0.75388940824832051  0.76445933554636147  0.77507744076397822  0.78574165944922980
  0.79648433423015430  0.80711213137431015  0.81756487564063796  0.82803569189444326
  0.83860162038295549  0.84935200669846167  0.86006851176007160  0.87078697418663398
  0.88146187797707265  0.89220622543411177  0.90303190697419500  0.91388904649036740
  0.92461705995645604  0.93531384737362733  0.94602725292338985  0.95675658568773136
  0.96760102746264287  0.97847323000364794  0.98928532774724320  1.00000000000000000
 -0.00230499756066839  0.01027433634676751  0.02037591426012045  0.03070990404555222
  0.04112982416427312  0.05156970077000281  0.06217679280227596  0.07267114092840250
  0.08314000848004705  0.09369565462659772  0.10423363784281886  0.11466219279852019
  0.12516422786827572  0.13580592764240185  0.14649599753042705  0.15678680081204802
  0.16720971394920978  0.17754818455458421  0.18794136742888554  0.19844230920290873
  0.20895851803738674  0.21949773746354842  0.23008315867023796  0.24083976442293079
  0.25169322720144649  0.26229519985092342  0.27290894905889251  0.28329162020737897
  0.29370572166114656  0.30412913440936112  0.31458157082032601  0.32497986739851698
  0.33532546870756680  0.34564607018086030  0.35589232108529473  0.36613463121596435
  0.37632460131825496  0.38654134329665241  0.39674480734606726  0.40721340061669731
  0.41765154499459156  0.42815289038991944  0.43866443747152867  0.44941566880828682
  0.46009205054034508  0.47082033734500922  0.48163811930272948  0.49274073274819419
  0.50368003401254602  0.51445247513430470  0.52516330001693290  0.53582427614183425
  0.54653549855272132  0.55727895053546050  0.56811764693606204  0.57880703395695887
  0.58936473635358111  0.59974096472274607  0.61016389506333202  0.62053181823205483
  0.63098087943312142  0.64125375280316366  0.65159027848574003  0.66180540137128230
  0.67204355031528318  0.68220702892229101  0.69247610793469672  0.70276810102319276
  0.71309918225915392  0.72343138639107585  0.73380530795732934  0.74422830190822276
  0.75463358622788268  0.76524466580761508  0.77596886902115603  0.78689412415660276
  0.79773204730147906  0.80842594067403561  0.81898362248738721  0.82959172007375181
  0.84022964790989929  0.85093218660361847  0.86157655909291431  0.87219616009568035
  0.88264923141622442  0.89303746468311385  0.90366378091464450  0.91445371118588215
  0.92515742970167381  0.93575894988655117  0.94637475721934061  0.95723882016098061
  0.96795573436233306  0.97858429532334767  0.98927911479792374  1.00000000000000000
 -0.00243968618114135  0.00954082178894102  0.02005036463983730  0.03056160406311264
  0.04118440486506417  0.05188067324285928  0.06254840493911910  0.07304422058550893
  0.08343698094073086  0.09385432894178287  0.10426381673521314  0.11485130146151144
  0.12555054776842203  0.13649742544285778  0.14727339759028757  0.15793643228106818
  0.16833552448806491  0.17879201673976747  0.18922718609011918  0.19976746611471022
  0.21006453533564792  0.22050153310436918  0.23096240401044271  0.24161223539781976
  0.25236351596591833  0.26296675846319018  0.27348059175879663  0.28392069612370729
  0.29444628212291246  0.30500160540922916  0.31552035718344185  0.32603085013352662
  0.33661134203678156  0.34718444994777770  0.35768972768471008  0.36819318039157062
  0.37867557747365282  0.38924409832526968  0.40000296299976285  0.41079708763252737
  0.42145429999949519  0.43186799558819206  0.44239790132703910  0.45300814679160473
  0.46370479680715160  0.47437042548478775  0.48497797762263695  0.49550138192711768
  0.50582482456016920  0.51605030188543199  0.52634555206831335  0.53662615925103552
  0.54694585920978744  0.55729469322346492  0.56778547986232808  0.57840624750269731
  0.58901958663203580  0.59952614206207278  0.60994370206444470  0.62015354117220245
  0.63058924564998098  0.64121149433401492  0.65189985700259956  0.66252827182230778
  0.67313403661175797  0.68375670073547223  0.69436057623163328  0.70509024966578215
  0.71576700931973714  0.72649149149299797  0.73706410221557817  0.74781112117426263
  0.75832990636326270  0.76901754817554080  0.77945448908115056  0.78991176486023706
  0.80028937658152899  0.81075049547302891  0.82150773406435640  0.83229073357846661
  0.84294715318944868  0.85352927882078233  0.86407327162450875  0.87470736484749934
  0.88512969468209246  0.89553261571327003  0.90604404920345172  0.91662208050566107
  0.92709224506534715  0.93750045944756510  0.94768992411357089  0.95795891864005811
  0.96824510218019111  0.97871454630544685  0.98933205387058409  1.00000000000000000
 -0.00216148904988359  0.01029622174209398  0.02082306558741264  0.03145046502753442
  0.04218684697896941  0.05262261124547311  0.06323340291448803  0.07399960008913148
  0.08483846030943418  0.09544279084802336  0.10602371279547229  0.11660921377209259
  0.12699162649669307  0.13731327812897914  0.14745351002214621  0.15769630783421462
  0.16798935500472506  0.17850374974195551  0.18902785202903802  0.19967290619605454
  0.21028625249447877  0.22099345381524479  0.23150229584846957  0.24190924030767141
  0.25245137715268184  0.26312453033191768  0.27388230790024853  0.28465004853289633
  0.29534683992730487  0.30608918546710556  0.31699909356124306  0.32793555469614027
  0.33892737627270486  0.34963104211418222  0.36027682283063128  0.37059017782944192
  0.38103454217181121  0.39155379433917320  0.40234702248839049  0.41304700325916155
  0.42393128037282501  0.43475777592674480  0.44559355970318110  0.45623839008533124
  0.46696907443501701  0.47741350659525611  0.48787680546352369  0.49847016769367919
  0.50920944167945359  0.51998932666306463  0.53064472335823087  0.54126108617435853
  0.55193744462526739  0.56235764440554736  0.57278168256528950  0.58295205218788337
  0.59335918595435355  0.60380460067135588  0.61451533221943344  0.62507582415641927
  0.63565708396419407  0.64610558988423261  0.65656267398399049  0.66702525054571604
  0.67755442532226962  0.68815660398448186  0.69868253395990532  0.70920036422417210
  0.71950249075633910  0.72994093982186736  0.74010004009416364  0.75045102695182364
  0.76082603012593841  0.77130015173328470  0.78184053646887097  0.79224934645800937
  0.80268792206815254  0.81306209951155473  0.82342787001125228  0.83384239488360468
  0.84426067414478412  0.85469241863023382  0.86510786100752946  0.87560986075255554
  0.88622465870917488  0.89673363667666117  0.90709871925942775  0.91748367499501116
  0.92787316629267369  0.93812186081833149  0.94829424577733301  0.95843726733339629
  0.96864304383440503  0.97898010596710494  0.98941425105160641  1.00000000000000000
   1.2495735352980785E-023  -1.0000000000000000     
 T F T F T F T F T F T F T F T F
