 -0.00000027325452204  0.00006185123186847  0.00039181830933360  0.00106941482685448
  0.00208609047155982  0.00346734173587738  0.00513963771827212  0.00711295329549855
  0.00932971611135009  0.01181246627209979  0.01458853346856435  0.01757089561549876
  0.02079207209917434  0.02410409966285420  0.02752279116701254  0.03099588893565034
  0.03465915886194635  0.03851054837788237  0.04251071977199965  0.04672413197642290
  0.05101199049594084  0.05545300672200064  0.05992363186470946  0.06454894938769533
  0.06932959048143149  0.07414943732822667  0.07905345144885684  0.08418564360068943
  0.08936341402934331  0.09469427888089128  0.10017388926276730  0.10563920230877975
  0.11090323650080706  0.11649335247314518  0.12220298273887677  0.12791657123917272
  0.13358836425541229  0.13944828623748343  0.14548493959686787  0.15159569997549552
  0.15769986524854229  0.16383395626651390  0.17016772160287047  0.17666842382219619
  0.18338859838974986  0.19013710154824234  0.19682820983687518  0.20352575893116354
  0.21054084026160000  0.21788625253724814  0.22510241946964760  0.23231260006683674
  0.23956614355267941  0.24689721544407578  0.25447955202822548  0.26239269826654815
  0.27050882822655586  0.27854788376994455  0.28669878154775646  0.29491670239538670
  0.30329539517334680  0.31191426065587918  0.32073617534267412  0.32964591438814655
  0.33857938893462541  0.34749902689850043  0.35653021818641745  0.36577144008229751
  0.37536209719908536  0.38544395139807841  0.39592954760069343  0.40660659785891506
  0.41744469777642607  0.42846775170450141  0.43966619998010775  0.45106197104448065
  0.46297220665990657  0.47604463529920038  0.48911361016876237  0.50231321048669553
  0.51581018977107718  0.52965554193948428  0.54406005147268455  0.55902678780142512
  0.57660244775412339  0.59505609224535994  0.61391652322138945  0.63340115873119873
  0.65365899416951767  0.67809789812445675  0.70567754379572367  0.73736799420074695
  0.77331907855477411  0.82009041965290852  0.89133364062713338  1.00000000000000000
 -0.00216508042311431  0.00965742910379127  0.01985277103839407  0.03031982039773606
  0.04118675587484816  0.05117427993796243  0.06137819786398167  0.07176954536174568
  0.08255046889775586  0.09300689837708123  0.10321517528416135  0.11311364454702857
  0.12333594533301089  0.13412242413888464  0.14534702696138438  0.15656582954564446
  0.16804052160537764  0.18019637852221768  0.19166041121488003  0.20187126090807669
  0.21224539366848946  0.22288723523465304  0.23319171468176605  0.24306522950510051
  0.25302094564857835  0.26341081244825132  0.27403518635231022  0.28401297141929088
  0.29439250873753353  0.30508959356494425  0.31588835344436927  0.32604984896510497
  0.33566101560332906  0.34526290541988869  0.35531544522664427  0.36620942720800442
  0.37732628737563267  0.38857594792257388  0.39956383623520259  0.41031516715332578
  0.42095915111610860  0.43110417595672046  0.44171176414309443  0.45265036813632881
  0.46334951607958036  0.47386897757091784  0.48455040670476857  0.49547742703503045
  0.50665636624813948  0.51776558735591971  0.52879016657159328  0.53994323108415199
  0.55160204042643379  0.56313688429683439  0.57404772703546447  0.58457635353741633
  0.59514004324398528  0.60586826760322432  0.61657124859707824  0.62723087539957545
  0.63802654386755620  0.64879183003146212  0.65908915398940848  0.66910647890202291
  0.67896914944488707  0.68884311527565401  0.69890554796932447  0.70889565269982380
  0.71915341949270162  0.72959628657550779  0.74033745340175172  0.75065698322629104
  0.76089439288180016  0.77109062966626851  0.78097617906275030  0.79080891415098065
  0.80095476018043554  0.81167152120484742  0.82224846304767352  0.83266453944012409
  0.84293182352069196  0.85338187907622332  0.86359062928711838  0.87382339007091048
  0.88392040612497358  0.89410695691428810  0.90503419459713408  0.91628660179414989
  0.92687866071514724  0.93771994837145756  0.94846722330462652  0.95895815721279842
  0.96882869732439159  0.97918844064251509  0.98957415727553255  1.00000000000000000
 -0.00223478649222087  0.00838092379995375  0.01838529504896295  0.02834873345349749
  0.03846933105589702  0.04832241023091012  0.05812084149497892  0.06811472933118240
  0.07838556623477970  0.08925139459323138  0.10023219905721331  0.11103050227097019
  0.12224350777484695  0.13375240581912171  0.14570215148370214  0.15819475374588157
  0.17044539490988356  0.18266628509508209  0.19453131881739988  0.20595598349195909
  0.21671035398507338  0.22702023153375295  0.23768931125310605  0.24859523453664278
  0.25950857394393900  0.27032723768114175  0.28035466062240866  0.29031318779476001
  0.29992100156564577  0.30938596797924550  0.31853044004606079  0.32785197658908966
  0.33787955093248412  0.34848992519669353  0.35894664196043125  0.36925972677695468
  0.37980819396007554  0.39079933009402146  0.40180789825263880  0.41243547918837004
  0.42438791390673536  0.43659077510872418  0.44771466237186652  0.45875851857375333
  0.46958859841263334  0.47988583770076920  0.48947605462029581  0.49907608290320743
  0.50907934386434817  0.51898877334032267  0.52922147017342835  0.53950050994615184
  0.55018516245574889  0.56107654071177826  0.57188199393137629  0.58287071109830380
  0.59361831455937153  0.60437060213366589  0.61451956689259957  0.62440682771763889
  0.63485201239182121  0.64516302177219920  0.65519643525908466  0.66511577420727142
  0.67499351482109371  0.68484726332260215  0.69515984843389900  0.70527301049980851
  0.71542505487016284  0.72550911217123326  0.73591456776133646  0.74619937024817573
  0.75629360564541515  0.76609705036222253  0.77665864848650590  0.78755728500431565
  0.79807170146803719  0.80873190698220576  0.81946625530233119  0.83026019048332345
  0.84048894917178218  0.85050061122487786  0.86075485594495560  0.87109221939036663
  0.88178995203956545  0.89250245002559780  0.90347611612947520  0.91457881734719315
  0.92523790450891563  0.93571810520448806  0.94582011318989645  0.95603205275579772
  0.96649037172633590  0.97700177141439881  0.98832346955006223  1.00000000000000000
 -0.00232159207748472  0.01057534233962780  0.02115026170525531  0.03208470875705842
  0.04293647023713277  0.05374372369256759  0.06437803594082359  0.07493849647977412
  0.08564644909285336  0.09628165984006365  0.10658290988877711  0.11648709204239852
  0.12642900339493848  0.13657588717483948  0.14684478069586268  0.15736252940974135
  0.16754570945528222  0.17790450559385512  0.18852375561865109  0.19934576429567205
  0.21013563736594329  0.22047760123325683  0.23056818408216911  0.24011698043820781
  0.24993163394112150  0.26004996285022974  0.27048114112566851  0.28064655313110953
  0.29084573787535029  0.30191125399615970  0.31321066217443982  0.32443401841290886
  0.33553595544679893  0.34687234212645285  0.35834708108460889  0.36917192129492904
  0.38044813387592247  0.39128063542639507  0.40193621018838627  0.41164822070072166
  0.42133698626032445  0.43116781940704207  0.44130407251883863  0.45122480938186865
  0.46127129435744674  0.47109340890589269  0.48093983761724773  0.49082565096973080
  0.50074040678814824  0.51172276728623545  0.52288080321066932  0.53354485434356935
  0.54402032279368173  0.55376343207220735  0.56377966245102118  0.57402181035730893
  0.58487792162292807  0.59626929943099805  0.60757288766216777  0.61876210201049631
  0.62967106562075204  0.64023163239243053  0.65057537461950199  0.66050010812936255
  0.67062692239372956  0.68139733470310671  0.69197343454876803  0.70259995737260594
  0.71319420027366631  0.72410995031628078  0.73461987893095648  0.74498175074448159
  0.75548326638945995  0.76647736095948471  0.77727140170724929  0.78798598973795519
  0.79855709131019825  0.80906384966837985  0.81931375681969054  0.82959251678505563
  0.84020695691826686  0.85110925817455962  0.86161613163265993  0.87248426040165450
  0.88388468944556486  0.89552628294760561  0.90660434027285330  0.91757113727357908
  0.92878939584404419  0.93983173279589827  0.95039698507423709  0.96088169444088756
  0.97096390073013550  0.98069661968137900  0.99023385045949730  1.00000000000000000
 -0.00190062552888558  0.01012615670714647  0.02051507666158593  0.03063123694265150
  0.04055395437133651  0.05007650249143669  0.05966784418614714  0.06968385786060172
  0.08021965374777243  0.09087857891193417  0.10161566985324449  0.11160684827705022
  0.12123299266802220  0.13077754955317181  0.14006759218016104  0.14928510476247420
  0.15852791160624788  0.16799664557080896  0.17803243372068053  0.18858047184190790
  0.19959518694213127  0.21105633990487099  0.22277561088077719  0.23402184181304475
  0.24455117117621772  0.25477810383340388  0.26406001561268128  0.27319810859014437
  0.28258190843550152  0.29229097668349319  0.30253500812357143  0.31237147670542065
  0.32328427596213283  0.33346333324835187  0.34404841076648818  0.35493678537407275
  0.36597837507028769  0.37714456132370405  0.38752241948012617  0.39827686486256897
  0.40915007485741151  0.42049577264260207  0.43214800837437789  0.44424269665407429
  0.45595322776441749  0.46774871625256620  0.47892801673225865  0.48956548132358102
  0.50002630586306018  0.51084976617501265  0.52179880229224984  0.53239525346333927
  0.54278958813879596  0.55294712369148236  0.56325715480310112  0.57391565570586534
  0.58460398966772664  0.59600978449049136  0.60702518388231030  0.61791487684067203
  0.62853413481138742  0.63891439630163649  0.64922323813872518  0.65962247210630176
  0.67052656129616151  0.68219132926635362  0.69379499870749128  0.70565625239517860
  0.71783431385709817  0.72942216218713196  0.74004412275111076  0.75034444409378531
  0.76064214434111799  0.77078994399777345  0.78100802255126967  0.79165156244341794
  0.80275304693607263  0.81371724868142392  0.82453882321555638  0.83532006576729678
  0.84582018752107768  0.85612946726911376  0.86658400402692515  0.87722407101700894
  0.88797964132336316  0.89867462958041444  0.90916541452040167  0.91972709268378527
  0.93014406309529807  0.94082947609013334  0.95083522562428147  0.96066861463330944
  0.97017592427123156  0.98015506162125365  0.98992962634953163  1.00000000000000000
   2.2584466342861534E-022  -1.0000000000000000     
 T F T F T F T F T F T F T F T F
