 -0.00000055427229662  0.00009635890591051  0.00047582596387142  0.00119290348671879
  0.00226991522757383  0.00364831306243495  0.00528911318564631  0.00725183220470959
  0.00953552751465649  0.01197551760736034  0.01459864792959408  0.01744838217258900
  0.02046060372066387  0.02361487222504475  0.02697368248394175  0.03058120097185628
  0.03431454905034387  0.03839921705275223  0.04241067718522720  0.04651693351015827
  0.05076298161102481  0.05522264579381527  0.05986240965152968  0.06456283209807076
  0.06940606089436671  0.07428895036595512  0.07920716560278278  0.08423782294779089
  0.08927117527423577  0.09450970565876994  0.09979859445195860  0.10513639279949878
  0.11063351142584421  0.11628401485685980  0.12188106816913853  0.12769778358014236
  0.13357408183682751  0.13940507466315855  0.14528757946427159  0.15133556518811009
  0.15752520434173498  0.16376344576923507  0.17009650725308428  0.17676742272651974
  0.18356701841607648  0.19039987412323142  0.19702556559892542  0.20398863465926115
  0.21116348911540922  0.21842752560573361  0.22581169025081352  0.23325364780472271
  0.24097280550414249  0.24871889106047199  0.25637969520708115  0.26392384666141849
  0.27146631401130611  0.27922850864325804  0.28730238635529065  0.29571314336630583
  0.30415590876524218  0.31263074150043735  0.32127163610619969  0.33013819743493211
  0.33918026684460389  0.34841350722360304  0.35767407096279696  0.36703299907243642
  0.37635208121447411  0.38628510888210765  0.39695297013905723  0.40767381396941121
  0.41862081375560473  0.42958224141242041  0.44087742312238271  0.45256117765704018
  0.46473038297288383  0.47744462755108730  0.49020857226703479  0.50300204217131661
  0.51613773151687647  0.53018513662999633  0.54540639034223992  0.56166561552160310
  0.57843658457855818  0.59545714874931632  0.61310642587008846  0.63337499473635606
  0.65596538357639034  0.67923295341706091  0.70383117862539102  0.73068844645963793
  0.77037911842778106  0.81636727050576319  0.88783503550631360  1.00000000000000000
 -0.00251034597379761  0.01171279659421983  0.02298563214555256  0.03398337760406427
  0.04492834346823570  0.05667450708583431  0.06769648901568388  0.07811958620724165
  0.08843024436331354  0.09854527509865019  0.10867986400090025  0.11870598928168306
  0.12955425414879482  0.14031174503257088  0.15085756623775839  0.16151195112217562
  0.17208491909790727  0.18263563408473257  0.19256430690386531  0.20246115553555319
  0.21215114712261868  0.22176645366598327  0.23126862101040432  0.24111254197495086
  0.25117602714470139  0.26145146015196347  0.27176958272521018  0.28227554270399879
  0.29284967506601228  0.30351680118776542  0.31420841722620485  0.32523376202825216
  0.33569295812695260  0.34586245173858837  0.35608808389922642  0.36654441074983335
  0.37671337638577451  0.38686976918083088  0.39713099710024657  0.40733286613258618
  0.41736346473828023  0.42755834524311709  0.43819880558875507  0.44901968862523800
  0.46003467876407961  0.47141120263939867  0.48251995251178953  0.49325998274350608
  0.50386705377078778  0.51508757752865075  0.52666091944458737  0.53797032693226743
  0.54878376143687546  0.55946059071695087  0.56981173988036382  0.57965141326988578
  0.58913893118074112  0.59840896645007580  0.60790284949289086  0.61750157639872216
  0.62754873192595839  0.63750844754723479  0.64725521956424714  0.65712623131503256
  0.66722454134474973  0.67731093241496787  0.68722574841066586  0.69735889325544143
  0.70774472956012258  0.71833947761395112  0.72893803622654130  0.73922549824013983
  0.74921832676274047  0.75905372987040243  0.76880816054789780  0.77888274122292667
  0.78888721372157145  0.79901563358516459  0.80948936484060630  0.82048171994873220
  0.83150433277797020  0.84212386192044220  0.85272402316324791  0.86366064827774836
  0.87465966690482155  0.88530160247835576  0.89589189319928997  0.90681057285106370
  0.91815160743397140  0.92999702309696541  0.94145271676211295  0.95304763028795081
  0.96415501840530793  0.97622396064749739  0.98806640518625788  1.00000000000000000
 -0.00281129659949274  0.01049307812357515  0.02243341228087605  0.03430137009306797
  0.04589898120608318  0.05711164306612701  0.06795468077903544  0.07864483198705481
  0.08912730934784996  0.09953720473439474  0.10981724605880594  0.11992691855228418
  0.12965992747613661  0.13930829456729363  0.14903595460542710  0.15908008384979391
  0.16928596373163654  0.17956303141995522  0.18976178601941662  0.19997202861199287
  0.20985110083009756  0.21980414303807899  0.23000285340549115  0.24038864695890966
  0.25121125803804001  0.26228396786712160  0.27343553535440596  0.28471759051762968
  0.29561390749923477  0.30642530843751142  0.31659462602863131  0.32641801702848333
  0.33626439100495620  0.34650917080575983  0.35697206123548625  0.36800113515103677
  0.37872437421228489  0.38995719161708758  0.40097623996014903  0.41191801910678599
  0.42231221558967991  0.43257092242099943  0.44221804083516042  0.45150639183434726
  0.46098875969408365  0.47089074676623510  0.48060748269666204  0.49072329634136996
  0.50098599316831993  0.51197515336628596  0.52295128862267870  0.53325655868355182
  0.54418265116321474  0.55522215994413959  0.56627806675906245  0.57692899687227628
  0.58761385951511402  0.59801595925206941  0.60840625532921122  0.61867832615098006
  0.62958565112108067  0.64010436059759823  0.65071012583206966  0.66124803228418116
  0.67180881371536150  0.68189431994554639  0.69168106678773267  0.70122507213222729
  0.71126963177649960  0.72098148985852373  0.73099664764693495  0.74136178610040881
  0.75192728307400614  0.76235643165475819  0.77305383104805747  0.78439906085212707
  0.79604109761069264  0.80756235775419738  0.81909022617306215  0.83043237646767343
  0.84130434601297199  0.85199134236353224  0.86271997018097113  0.87360142714278177
  0.88424815646542054  0.89468658690855496  0.90517817546461510  0.91607920714011759
  0.92567652684662682  0.93545304305294807  0.94568012713426619  0.95629030238191504
  0.96681164327042646  0.97695426430491927  0.98828430414390300  1.00000000000000000
 -0.00241809632886274  0.00976141904686055  0.01947557648198258  0.02931333765712202
  0.03924914799100864  0.04934067205663566  0.05944841947365170  0.06956570319802100
  0.07964256270671156  0.08987002965917146  0.10029954982757801  0.11079772658338459
  0.12118547538236088  0.13109864610570082  0.14107510629465764  0.15126104554259176
  0.16210199753271237  0.17333494691710091  0.18442354647835971  0.19602682003719998
  0.20770877070629606  0.21926535579747752  0.23051965714356912  0.24181775321799950
  0.25335439634551576  0.26495842152719151  0.27633154924405884  0.28726895754785337
  0.29827444828958977  0.30942543794260152  0.32019743948627166  0.33054832543874485
  0.34081966632381361  0.35130654623536112  0.36161967350816637  0.37173941926082732
  0.38202590120896057  0.39239969827928173  0.40302178559356178  0.41387027815242877
  0.42495402832430546  0.43608549490608028  0.44689255408531331  0.45770466941843879
  0.46826593404397909  0.47899423587346801  0.48963369654604383  0.49996512974079838
  0.51008846611228487  0.52000810283414534  0.52993041548444786  0.54008855844944126
  0.55076873311309726  0.56146522714663527  0.57198347705395336  0.58238363259771653
  0.59281264771813613  0.60294981591769004  0.61294765457169642  0.62294695371042863
  0.63322957228057575  0.64346565627920083  0.65409223207015266  0.66519993566146118
  0.67641511345885175  0.68782215588238094  0.69859645088188227  0.70947120672173802
  0.72015354249295671  0.73065237077680800  0.74083155998580086  0.75087464583824282
  0.76138066333091803  0.77229970256257907  0.78435919276017352  0.79627691067969852
  0.80793132176383597  0.81856831707133426  0.82907488921445749  0.83948336422802872
  0.85003552712761532  0.86071948236956408  0.87141226540569017  0.88178055608483585
  0.89172924417742616  0.90173566698062602  0.91167231004628091  0.92142809938954440
  0.93083653192118110  0.94047464266407499  0.95069560570579625  0.96081861408684266
  0.97071143635626511  0.98049949052502805  0.99035725975669731  1.00000000000000000
 -0.00215145425342079  0.01031598910327559  0.02052724211538609  0.03070894733770852
  0.04052141237748046  0.05015115400969933  0.06000736561765685  0.06971713004375485
  0.07951963352642853  0.08913109471873651  0.09876911741966804  0.10887027214290464
  0.11932196884824012  0.12960145417284546  0.13989192692345839  0.15009902699578678
  0.16046894731343000  0.17100843677638097  0.18168884101407873  0.19264801146767496
  0.20315055995279252  0.21311506826628593  0.22326716254041348  0.23382029752210165
  0.24541058898767337  0.25610528976885255  0.26658620818374718  0.27724806692460008
  0.28801165948535445  0.29899094755586575  0.30982346284141160  0.32032903403823582
  0.33029133610038092  0.34052049615656477  0.35098571852366350  0.36119070985044771
  0.37070998968008567  0.38020704426990448  0.38997753928688750  0.39976671374911260
  0.40972827118403155  0.41986710445124104  0.43056257769336959  0.44202801257896990
  0.45409257472340703  0.46564013205347105  0.47659176321852864  0.48759836327259748
  0.49858967014209860  0.50930806854852795  0.51986513412112534  0.53047983619302364
  0.54100572137450520  0.55094405623337728  0.56106453022798053  0.57105350200289429
  0.58098227354277565  0.59112913102337783  0.60160238922166542  0.61224207276167686
  0.62249420688037571  0.63285691884110562  0.64294663750370229  0.65263286459253378
  0.66189954729234590  0.67167725179847926  0.68184446119238684  0.69216003465901399
  0.70263880036242288  0.71334767426891099  0.72441999819151770  0.73553192299064030
  0.74697308933540052  0.75833866014785467  0.76948832840641368  0.78056650698395857
  0.79159334829999506  0.80262604879589516  0.81367358771823683  0.82477868001319987
  0.83614153965820270  0.84756362844988209  0.85900187137741957  0.87018781368407294
  0.88105578435697318  0.89164336620211448  0.90207824271485115  0.91226460285985500
  0.92258572349576184  0.93308423945229113  0.94433422694033065  0.95557123487303142
  0.96658889190429231  0.97762987955810288  0.98871474897798151  1.00000000000000000
   7.7775389131901851E-022  -1.0000000000000000     
 T T T T F F F F T T T T F F F F
