  0.12231833691560694  0.14761298731337097  0.16015559643829219  0.16988283273987373
  0.17857466375043024  0.18632047756607323  0.19342328208631077  0.20016325493707701
  0.20656483604849674  0.21263532093476095  0.21849116679120786  0.22427155577096244
  0.22998869411434533  0.23562448585364359  0.24119362637937572  0.24671194158405721
  0.25214650630009772  0.25749693822569675  0.26281717986380676  0.26817166819336841
  0.27350972422368375  0.27875141338832715  0.28390705714348757  0.28904733636866270
  0.29418633375900743  0.29937095437451045  0.30463577458647700  0.30994401411083766
  0.31526845490504024  0.32046498731393669  0.32562192046033439  0.33075091715375632
  0.33570392315629377  0.34078548612082749  0.34578853145101468  0.35088225836017989
  0.35590839999524926  0.36091874893129067  0.36606712520607476  0.37134919371402508
  0.37670351117669515  0.38205961407824374  0.38744411980982568  0.39291037915061944
  0.39836174619711873  0.40381941510615216  0.40924500548373860  0.41482383434775738
  0.42049509191575241  0.42626452590891512  0.43200782704664109  0.43775271480416594
  0.44357160259310563  0.44947500695909764  0.45549258951094679  0.46168745303170206
  0.46803887497460711  0.47449731504516413  0.48078135571802977  0.48708415302518709
  0.49338627735289636  0.49979874438327665  0.50624848899925057  0.51302370232287720
  0.52012023271044971  0.52745775512052129  0.53500516399147990  0.54259038917870528
  0.55010423509988060  0.55766633076608951  0.56529335040507145  0.57303402677788784
  0.58084943931779875  0.58876809519163198  0.59687770962428188  0.60515913035681335
  0.61360717006127286  0.62242236524355854  0.63178589081544201  0.64175398826285002
  0.65237378321320916  0.66338422651644458  0.67468362158348072  0.68620924038106157
  0.69821364405716235  0.71071890566325180  0.72393283107352224  0.73806272241681858
  0.75301495675684627  0.76939235232056635  0.78765363056339488  0.80834982132266098
  0.83206074607440161  0.86127401592720554  0.90546976872518958  1.00000000000000000
 -0.00239362821941078  0.01021164921508821  0.02087083571590064  0.03155513749396494
  0.04225943894813147  0.05282036620677175  0.06362135128508821  0.07436701903694697
  0.08538972929493141  0.09642811339932794  0.10744355233995208  0.11800731766703974
  0.12838765179602665  0.13863222289875429  0.14881727394789387  0.15896008256718996
  0.16920716264792421  0.17960282179556419  0.18997369926944352  0.20047528859529051
  0.21093786852839247  0.22115550768646217  0.23118121118399260  0.24107307091783739
  0.25088760924942677  0.26074307198559582  0.27090566206269812  0.28150755919024717
  0.29216189113243335  0.30276058495814057  0.31335470973917112  0.32390370629420639
  0.33432248917670354  0.34450969128890402  0.35468434735915338  0.36497701516518033
  0.37531143359644359  0.38564225233248428  0.39584526104919371  0.40583494809269138
  0.41572499068405783  0.42552694571338373  0.43548435421144632  0.44564321672804391
  0.45610286255022642  0.46695491659975052  0.47784350668294029  0.48867821305676074
  0.49949896088892115  0.51044349718877957  0.52149189666579021  0.53237502030464323
  0.54315935006739957  0.55408824461782613  0.56515175526377037  0.57620720399372538
  0.58717971954411230  0.59805661731481263  0.60881557559016908  0.61931045020835451
  0.62962869612436956  0.63992561217603261  0.65038730566836389  0.66094561395276152
  0.67134743371478434  0.68158435744921853  0.69178513637970018  0.70219636605867741
  0.71259918490582241  0.72311673974650625  0.73387051052389751  0.74495258404044817
  0.75616159717598941  0.76713010465738185  0.77781966117329449  0.78843759558580540
  0.79914425862603466  0.81026802625815786  0.82147290215069324  0.83245869144214801
  0.84288048303570851  0.85299341896975567  0.86317926966897940  0.87363968507452061
  0.88425717458306952  0.89498173830028760  0.90576910746788553  0.91644032256585961
  0.92679817947204901  0.93691518256610040  0.94713761141290065  0.95743981088460728
  0.96795396538067557  0.97851991059262011  0.98925817373693226  1.00000000000000000
 -0.00250511985977127  0.00994752530294388  0.02005221596794637  0.03022579639763273
  0.04018989536616253  0.05019011521255740  0.06035567112299164  0.07136519048248965
  0.08271650710374157  0.09360579145327223  0.10394354770229781  0.11381049394357166
  0.12354928616928425  0.13335849926664253  0.14358427402940541  0.15422048030277272
  0.16488028208335073  0.17517880557375937  0.18538448561861345  0.19580369198508044
  0.20653806188205481  0.21740591410233814  0.22798522009744968  0.23845870789152943
  0.24882563243722541  0.25922413503770952  0.26960613694738950  0.28010396875661742
  0.29082227480982908  0.30136180751137787  0.31189544339638808  0.32226963834436262
  0.33246952456523948  0.34257453924169901  0.35270675573850763  0.36337224356682485
  0.37420552538985163  0.38496717465954733  0.39573873398571768  0.40653843533385592
  0.41748992197296902  0.42826519288242443  0.43865021724421749  0.44853690891469306
  0.45825493565418945  0.46806354845776410  0.47828588474281647  0.48868434407310618
  0.49935421455083406  0.51019598619466722  0.52133848944280270  0.53215959711482241
  0.54290058354568349  0.55360567534560590  0.56468041676375436  0.57618561501956767
  0.58759996187790731  0.59891649139077940  0.60984580906597241  0.62055585693181492
  0.63131104434823038  0.64185676989593909  0.65216536514593459  0.66226503268784731
  0.67244845548487975  0.68293155627287316  0.69353796628528386  0.70411805622130486
  0.71476838638699802  0.72555606495638592  0.73626882896313539  0.74692242790944419
  0.75764923570848319  0.76853452374430697  0.77935447325309382  0.78985729148256767
  0.80045469837792560  0.81116529514282454  0.82199730590421693  0.83262246251482930
  0.84311223579223193  0.85365112818008837  0.86428199792320592  0.87487360938869085
  0.88528860078283300  0.89560004665489579  0.90623188236524166  0.91696728614045153
  0.92776720662614909  0.93826543350776737  0.94847870264048084  0.95889284753822179
  0.96903244115317066  0.97947873484814585  0.98971207669595040  1.00000000000000000
 -0.00160784146849717  0.00892105045434309  0.01854898611041096  0.02882073178041527
  0.03915898257990238  0.04959432462077747  0.05998853280963456  0.07052425196538976
  0.08132587208606304  0.09181610734993854  0.10215621755087576  0.11252067142293973
  0.12315119322268904  0.13383908123458441  0.14440321549975901  0.15481488335609675
  0.16501777973308357  0.17506760877375860  0.18527675577394090  0.19604539261316989
  0.20703941753549679  0.21820985700720083  0.22920589817055179  0.23999549906805445
  0.25060162620637244  0.26131426431863158  0.27220893968910925  0.28325859210023163
  0.29444776410681811  0.30563818203857335  0.31652428518818665  0.32717802765195136
  0.33790748474246979  0.34850395444270438  0.35885138122439370  0.36881042683836179
  0.37877183601369935  0.38873671816398597  0.39916097332593975  0.40991298916077917
  0.42082455151192255  0.43154693812333556  0.44207510769672581  0.45279056185702110
  0.46347227062209351  0.47411388046984693  0.48466228172724596  0.49513514488451649
  0.50534832341718050  0.51541503569798885  0.52533199713158663  0.53534525483858775
  0.54524478320264347  0.55500671377176369  0.56468038224747497  0.57465563585187107
  0.58469919765118161  0.59481429394359409  0.60491664220713359  0.61529221000509582
  0.62602221146843362  0.63691148498543304  0.64763454041156310  0.65814670539784226
  0.66877060260675891  0.67948027629465846  0.69040260769348327  0.70106138997775591
  0.71192761409772698  0.72280555361760301  0.73364800549471432  0.74426260621882379
  0.75478888223198526  0.76557160701962412  0.77630397045869437  0.78677112472265387
  0.79698054499710935  0.80728854940576944  0.81770781633576450  0.82811740589477478
  0.83864645459788179  0.84940993535928111  0.85990413385667164  0.87066810325932342
  0.88158112422541302  0.89278859465074567  0.90321002680554430  0.91338312997486915
  0.92365350270819979  0.93461054945964728  0.94565686892858880  0.95680180881483901
  0.96752128675943005  0.97827187614290434  0.98891712405934495  1.00000000000000000
 -0.00226728126046704  0.00856718030375772  0.01815867708782165  0.02788062818012121
  0.03822591287298382  0.04893034167738252  0.05978000357724689  0.07041424801089563
  0.08125149201651523  0.09185813533871574  0.10235185245526504  0.11256173435073856
  0.12266715676155629  0.13283145041866490  0.14308191876485077  0.15318018579875814
  0.16327622846745921  0.17337087891340389  0.18356535163259294  0.19378899441913719
  0.20383322937142023  0.21389400837523245  0.22419841961241066  0.23464241266799077
  0.24529689337394339  0.25591742470475248  0.26652643993920416  0.27703380319185783
  0.28746824546752453  0.29776021657124019  0.30823874831938586  0.31900248554813054
  0.32994700853489584  0.34055516279727382  0.35119326673925699  0.36206415281257359
  0.37328483496356429  0.38414306748820592  0.39496563235792848  0.40540293040440872
  0.41596871013739567  0.42679602724590476  0.43737447886282793  0.44815212918742653
  0.45899295448872263  0.47053380291882402  0.48153326293888887  0.49173403826802753
  0.50174171175419913  0.51171406914026007  0.52156186648878167  0.53136604095439866
  0.54117068575723137  0.55171437133283574  0.56202633760182841  0.57292703340680562
  0.58390369387904717  0.59578890344999524  0.60689521297450821  0.61769216213148770
  0.62831301976762499  0.63896461795674209  0.64962745064352223  0.66043016875348903
  0.67121130649056659  0.68187440371567154  0.69228395181171642  0.70261083795705248
  0.71284321964838571  0.72289542411600305  0.73322369512404784  0.74388793956215271
  0.75476737592194876  0.76562463337116560  0.77644957647289703  0.78726501150337713
  0.79785247057872555  0.80874461891190652  0.82041989425968975  0.83195542701728864
  0.84307357920642978  0.85381564632479490  0.86453058004534944  0.87527553504020783
  0.88594996675716575  0.89671746775518879  0.90713230067632489  0.91704865258615231
  0.92734473832376263  0.93705801154045776  0.94719267506825466  0.95714340062571546
  0.96792502781256362  0.97888776132762800  0.98953022319387662  1.00000000000000000
   7.2770204872151183E-022  -1.0000000000000000     
 T F T F T F T F T F T F T F T F
