  0.25293168572015673  0.28104070411239884  0.29649852617475009  0.30808912076938438
  0.31804826976125422  0.32700083447915790  0.33524131985699268  0.34295994054688700
  0.35026654842809063  0.35724596049877211  0.36394997481416941  0.37041948344696812
  0.37669543935576516  0.38280171272591840  0.38876076105986845  0.39459071737359785
  0.40030387757880442  0.40590698564118038  0.41141089053646140  0.41684194131824059
  0.42220704244148710  0.42750733208304459  0.43273453945359996  0.43790343434855394
  0.44302540033174265  0.44811209252080203  0.45316600584377770  0.45818684927036712
  0.46318256327345753  0.46815010043553523  0.47309360768458059  0.47801165443888727
  0.48291067311973729  0.48779951999304366  0.49268466557466950  0.49755933663725499
  0.50243682819570601  0.50729657166892439  0.51215151569856532  0.51699295392743849
  0.52183216218872996  0.52667452908312773  0.53153061554691561  0.53639576774387221
  0.54127206225031843  0.54617033748870392  0.55108585654497177  0.55601637307340002
  0.56097148573203170  0.56594533705207606  0.57095002601136580  0.57596861886974149
  0.58100370243267641  0.58606628642272207  0.59115954713934815  0.59627805810143197
  0.60142529422290913  0.60662571452791192  0.61188431672807819  0.61719845115263150
  0.62257131299928470  0.62801029326422109  0.63351306830043130  0.63904911241015250
  0.64462183287470975  0.65028503579371755  0.65604035550448969  0.66188583684592561
  0.66783445853218748  0.67389051626693142  0.68004641790712450  0.68628934738129144
  0.69261507826744528  0.69907175347947992  0.70569959445561881  0.71247197796851824
  0.71939722734850886  0.72650882066309896  0.73379734835002042  0.74129002601079663
  0.74900233258565840  0.75701640047053376  0.76537951994065223  0.77407931689575749
  0.78314653645974908  0.79261882953154106  0.80260889406644287  0.81324698993900590
  0.82469383213708924  0.83708396227224335  0.85072763030071963  0.86611913669914131
  0.88411423164930780  0.90627092143940402  0.93822746272144053  1.00000000000000000
 -0.00228602287322238  0.00977419299285851  0.02024223353871600  0.03108103189564900
  0.04186224631189446  0.05247455771507124  0.06318328301665829  0.07418193547161925
  0.08529498957549871  0.09641590395975280  0.10727889692473108  0.11770995755662254
  0.12784190775607288  0.13795223645410370  0.14820474856872554  0.15856140299280308
  0.16898240015638163  0.17969625436189024  0.19065379121360837  0.20159758314094586
  0.21228451600761289  0.22273712802524392  0.23317068336528837  0.24364085120984624
  0.25401093487726301  0.26423878239442689  0.27455893298365686  0.28495305141009347
  0.29547073487704445  0.30595937836139492  0.31650897057074950  0.32716078562455575
  0.33784196212766998  0.34872947400464710  0.35944614959016036  0.37021035053079937
  0.38068720936097805  0.39118057428124853  0.40162452605331217  0.41212051749145767
  0.42271861413726980  0.43322442764310160  0.44360965127883573  0.45398920335202531
  0.46450679255430660  0.47522387027053881  0.48612565335460745  0.49701838720341518
  0.50768067157685426  0.51824990318027708  0.52870384022422434  0.53920184513002412
  0.54940388134425910  0.55933503989843691  0.56934383019832113  0.57958515656545595
  0.58995844916510121  0.60065934202797577  0.61122470932242756  0.62187425520021344
  0.63226956318948080  0.64261940649679306  0.65302394857498625  0.66336960657355581
  0.67373909253256858  0.68403356901906376  0.69436766824554674  0.70461099451168985
  0.71496946939620742  0.72534348998680720  0.73577573128042273  0.74606072234402465
  0.75641962869049506  0.76693537779783338  0.77741707660208281  0.78793170449763994
  0.79841370831058522  0.80928579181645555  0.81994331519344765  0.83072162190634125
  0.84136661090341969  0.85213338329139476  0.86250962299960932  0.87282028286014823
  0.88304931283274923  0.89351396415126827  0.90403219802158719  0.91449926269527060
  0.92502560033839065  0.93539942856370051  0.94604976765457582  0.95668084230493844
  0.96744378758074090  0.97830577452066247  0.98912496542952255  1.00000000000000000
 -0.00255085732644588  0.00970619637107323  0.01999949653057338  0.03052863391549657
  0.04108796290524148  0.05152987338213255  0.06198064873291771  0.07248382539325451
  0.08303487570700104  0.09379146836175360  0.10463083122820881  0.11531120481291401
  0.12594430948964133  0.13635172618295111  0.14672784150894783  0.15701190950732882
  0.16731959854334139  0.17779195259010100  0.18827334781729452  0.19869242374102528
  0.20911988423630376  0.21977646547842922  0.23063905383468911  0.24149555594483413
  0.25213463937942476  0.26263718902179523  0.27307717321520997  0.28360684898880983
  0.29411372443832795  0.30475637710316128  0.31522223278287681  0.32553327028714701
  0.33577800607324598  0.34605297919179323  0.35629083103289233  0.36654624542002107
  0.37686863897336642  0.38713911162740655  0.39742467438799545  0.40775429502982635
  0.41820694553725973  0.42843388774510399  0.43861084677657480  0.44895368872039026
  0.45945676229601878  0.46989029936706267  0.48018925985700806  0.49039980323702198
  0.50062049790178931  0.51097532288453962  0.52137623263419808  0.53202633561019541
  0.54270856962800806  0.55338848077200031  0.56403103068291183  0.57462501609496475
  0.58524647987297074  0.59580026062714386  0.60634345046381566  0.61663813315373939
  0.62712905447649336  0.63776992774079733  0.64851054322648827  0.65909391421962182
  0.66957090151667809  0.68000701664022389  0.69039088728129483  0.70068737189521901
  0.71099378834958249  0.72136359636309888  0.73187284535832609  0.74267768380297416
  0.75352200516505197  0.76444286596584232  0.77517368779327389  0.78593831892607924
  0.79661082824754936  0.80729757711786898  0.81809773047288747  0.82888706654930666
  0.83955256715719218  0.85011293264853560  0.86100341366563471  0.87192104587482522
  0.88259362630409777  0.89308588826480040  0.90369670527975843  0.91465986082819328
  0.92552686402992856  0.93630663551709226  0.94693108738283638  0.95768931736534579
  0.96835530970276729  0.97900290680416047  0.98942740006063234  1.00000000000000000
 -0.00218865218910062  0.00975908382913398  0.01980887238775749  0.03022007831410407
  0.04067687515691257  0.05135371631126152  0.06198571129808082  0.07239563583563070
  0.08265441100665687  0.09319286396537016  0.10388061456924987  0.11468568344708173
  0.12530963492950198  0.13598053241017030  0.14638071375066197  0.15663636972847822
  0.16672936827364312  0.17717570090640589  0.18756318306059167  0.19803449771119605
  0.20839901413468495  0.21925685474705631  0.22997206635258063  0.24073347665389155
  0.25145105034835324  0.26218346415858212  0.27275656529148440  0.28285055618647831
  0.29305682722349907  0.30324614171483527  0.31340379927568335  0.32332126260820254
  0.33326412607183076  0.34347061637056214  0.35394365948221040  0.36466138636482232
  0.37537328778251106  0.38632867892994577  0.39736510758604215  0.40846318354012850
  0.41950319431537991  0.43016340981949502  0.44085559200310981  0.45163164071461392
  0.46216721015145640  0.47253787562868887  0.48259496953395969  0.49294700475810665
  0.50321925204992313  0.51370185588831274  0.52411097410402840  0.53489380260372721
  0.54572069798609224  0.55642273532906028  0.56709382155548405  0.57760139247563247
  0.58814957016423941  0.59860890052668969  0.60897674213766895  0.61947320853708199
  0.62979265982939259  0.64032504899433040  0.65088185511332863  0.66169617775940304
  0.67246916487106267  0.68337665224677480  0.69410978931857625  0.70492798003148405
  0.71554119931760463  0.72640513561641851  0.73689413981770857  0.74738291029884663
  0.75781464027255308  0.76827889473862709  0.77887721810777211  0.78916382062628643
  0.79978034796714448  0.81027441299012248  0.82119327242368623  0.83200313926162184
  0.84267149722611856  0.85327354587182158  0.86375925331460468  0.87430970408276676
  0.88469825844186667  0.89514729033067264  0.90573814627706328  0.91615747965323358
  0.92656152070112696  0.93703981905762046  0.94766983610862066  0.95839497749230784
  0.96874564824667331  0.97920111639628149  0.98961542725923601  1.00000000000000000
 -0.00224112910889484  0.00931785137529693  0.01933405055062764  0.02979673936825363
  0.04025878061344122  0.05053521320239465  0.06070021630144391  0.07116237901365503
  0.08154589562164782  0.09191862154846477  0.10217006713574615  0.11269842105423473
  0.12332613923047075  0.13394112605681271  0.14441457031136345  0.15503535688173697
  0.16559562505210484  0.17607834473669184  0.18663142845175287  0.19727122375220044
  0.20784903957985923  0.21830930467185428  0.22884775910392219  0.23949350153386748
  0.25018657098382657  0.26100733810511562  0.27167351238889770  0.28260189495690619
  0.29351660699750776  0.30427604405616887  0.31476699315141915  0.32528440110812823
  0.33579036969079484  0.34632217188480707  0.35685314218889425  0.36750445593365805
  0.37838368107821302  0.38937008461978401  0.40027522727375686  0.41097515702460391
  0.42151387628128761  0.43203937941810350  0.44270803439939832  0.45332845840802305
  0.46395779912930446  0.47442770720877131  0.48486444085338426  0.49541305674612335
  0.50577293602108253  0.51612353176858206  0.52650211948617698  0.53682143356316181
  0.54722377993409521  0.55762401408312079  0.56824257951872192  0.57895717788482171
  0.58971613562023950  0.60036026318620783  0.61081780366279792  0.62117639561369731
  0.63189429220677729  0.64262623985058476  0.65325679405540438  0.66372042438416778
  0.67428116917902492  0.68499578423015473  0.69552406803796885  0.70588505893802422
  0.71611596084772333  0.72633615146985531  0.73703100232167229  0.74789892052760554
  0.75877653633644282  0.76942472293017850  0.78011493270866994  0.79092191269591017
  0.80166706408253163  0.81220241547363625  0.82269687127218827  0.83332816971121315
  0.84402518226898449  0.85465600389890384  0.86508700394788118  0.87535808269711435
  0.88559762529344477  0.89583254504012155  0.90621789914717088  0.91647575424161265
  0.92672632404907684  0.93697078061805283  0.94718368726812086  0.95743338912767406
  0.96811840374813296  0.97896364516765677  0.98966732726332007  1.00000000000000000
   2.3273720957129736E-029  -1.0000000000000000     
 T T T T F F F F T T T T F F F F
