  0.00148750992403024  0.00284588728915047  0.00423034313966008  0.00582622884799960
  0.00763963877286373  0.00961660007725187  0.01181693860023546  0.01425946321477847
  0.01686142507170872  0.01962337449127569  0.02255630080267587  0.02556114989689528
  0.02870194915847536  0.03206373159430109  0.03564522381401718  0.03937257573363979
  0.04317868193300508  0.04706625484995789  0.05106588290909781  0.05519742278426142
  0.05947076408246247  0.06384018765531556  0.06828332072524282  0.07281592987709959
  0.07741512584836190  0.08208935612898396  0.08678401435048892  0.09163295876862827
  0.09663364305677014  0.10177060690703661  0.10695584353076283  0.11227482984222864
  0.11757616646793473  0.12291608551141653  0.12821328433408249  0.13365536287844029
  0.13931835009137591  0.14515062445299257  0.15124003919381432  0.15740964670306803
  0.16360599240398749  0.16981901697805962  0.17606725267324591  0.18241668331096841
  0.18886296870449998  0.19535877817114372  0.20212282564036457  0.20893972230746574
  0.21577349827712558  0.22266262075212789  0.22966961713276637  0.23668952793289608
  0.24385999569207514  0.25116387319817657  0.25858658663797229  0.26621170218554702
  0.27399489114803621  0.28185993170899387  0.28988063155837657  0.29812709830870404
  0.30647382608171891  0.31493668541095010  0.32344229722044376  0.33199743641294599
  0.34068537035792540  0.34954897041537331  0.35871754566290909  0.36837902985510917
  0.37832294253765464  0.38836043281167598  0.39848800982961025  0.40885931666969599
  0.41955124251696108  0.43051419656823409  0.44195434993751070  0.45373929842137650
  0.46576610939487562  0.47816230025747958  0.49105611918037362  0.50412158605354618
  0.51757092699584051  0.53138986361293183  0.54534090317689465  0.56064689759291408
  0.57691393533633140  0.59372465045453071  0.61195498904812773  0.63131663674395022
  0.65159859600925918  0.67488530783739298  0.70148058999313656  0.73159773051970955
  0.76762446304169629  0.81406823567967257  0.88573677709511900  1.00000000000000000
 -0.00250765118772625  0.00995295801755393  0.02074616034509259  0.03144558714578926
  0.04234875874698498  0.05367825710881374  0.06494623998930629  0.07610816904510793
  0.08693511153996666  0.09765473747798918  0.10794225272878169  0.11812892685169404
  0.12824457723126884  0.13825724459988922  0.14829492903177749  0.15859138600606984
  0.16928328587960881  0.18021152534380935  0.19116685744842390  0.20200143717486713
  0.21274747561781188  0.22334724765833597  0.23386668000000910  0.24419813615198177
  0.25436198627981893  0.26456696802738033  0.27496797348711677  0.28544588481685806
  0.29562908718665742  0.30582467812960407  0.31627950089971230  0.32690070545561156
  0.33769870226221826  0.34876535257425750  0.36005464600107689  0.37137295147717403
  0.38216304235852122  0.39275379245786202  0.40323587493906843  0.41372193360727127
  0.42419124012233522  0.43471425367449024  0.44556168179954553  0.45634222988594164
  0.46711260799568299  0.47779359281004935  0.48865156888764549  0.49947135691639166
  0.51000452952600250  0.52043986739711490  0.53088377419051047  0.54139796933410478
  0.55187766152577855  0.56210348711950442  0.57259230777436498  0.58295465083262710
  0.59351180527756420  0.60410296588652801  0.61509991214360060  0.62614019276529831
  0.63725685125607467  0.64818114366367685  0.65915878590464105  0.66966250833355367
  0.68007373642173652  0.69026528516884078  0.70063514903955604  0.71122350748205865
  0.72185529203275134  0.73263751330514182  0.74340822223297554  0.75400787914948320
  0.76410138858131604  0.77401875439018297  0.78409636626788237  0.79421504499184126
  0.80410750566536970  0.81405028148997183  0.82429142408993583  0.83454962992568804
  0.84447532085956756  0.85437657659247168  0.86457391962734897  0.87480501992348558
  0.88482983031576101  0.89479933595459316  0.90485955315709765  0.91519309151526518
  0.92555875938042753  0.93601593209363376  0.94646796505180075  0.95706147210060954
  0.96798074404044199  0.97877092508946717  0.98950667693890937  1.00000000000000000
 -0.00253658170226875  0.01040333216230073  0.02113382793700630  0.03165518661144127
  0.04210217869109683  0.05268837290949683  0.06344363386471069  0.07426806849963075
  0.08506438345610272  0.09579064414384617  0.10640357420036706  0.11685276461638658
  0.12705040136124271  0.13734541035876768  0.14762713224523871  0.15805347300188927
  0.16831196393622239  0.17858317128548079  0.18887393472690026  0.19901071871259959
  0.20918914542281658  0.21941388390412392  0.22940333611574798  0.23931382054268455
  0.24924395097301125  0.25989456911579556  0.27088898464954531  0.28196022069043047
  0.29284518787624469  0.30355355444539733  0.31392907852825197  0.32408498943345343
  0.33437853951483082  0.34512657665532748  0.35630776846801637  0.36771476953224763
  0.37904121913804961  0.39024865642077011  0.40145598824582585  0.41247182335189697
  0.42299359530447300  0.43320206332014738  0.44356597261715613  0.45415358337085399
  0.46472312660454984  0.47511926641124869  0.48540617316907914  0.49592857201624169
  0.50616425575265878  0.51618658781425575  0.52641293671534606  0.53673091956461161
  0.54701586583345807  0.55732997359688297  0.56791025210731172  0.57897003199994079
  0.58941702857542833  0.59961268989386707  0.60964203832861574  0.61975832278385790
  0.63004004998572449  0.64011297174403814  0.65019359895473272  0.66082493528052044
  0.67198040785303159  0.68354759696906930  0.69504181338528670  0.70619774356850695
  0.71694037318419512  0.72755956619126405  0.73821393903431498  0.74884154143134452
  0.75882911939271869  0.76865676400031424  0.77837922142947891  0.78826080387733821
  0.79846656240743263  0.80896333417855204  0.81980994927592088  0.83076655173369507
  0.84147056061074821  0.85224467904647661  0.86318146416571750  0.87372099308246587
  0.88382759467300365  0.89357372642804012  0.90364305895859898  0.91384638498789117
  0.92435516045666566  0.93517060436595034  0.94589078512685520  0.95681700811336290
  0.96795578842165642  0.97911470538753254  0.98978237997474317  1.00000000000000000
 -0.00263740560552927  0.01068635189306690  0.02165551827501311  0.03307321388268419
  0.04385241225546761  0.05415834064059658  0.06429012628981948  0.07440570092144425
  0.08439634120721159  0.09433755765693896  0.10426257749518919  0.11459993626684875
  0.12512618367848624  0.13633823699325937  0.14758192473176554  0.15869545157155540
  0.16919155369603966  0.17952097500804323  0.18953466324786511  0.19928063235792623
  0.20913048179640167  0.21886906389177194  0.22874519716161423  0.23857376495967264
  0.24873687611699397  0.25904532196735297  0.26944761456029132  0.27963088029093719
  0.28974803674863031  0.29981876836952931  0.31001017419557569  0.32050475136500184
  0.33117691924373777  0.34225015081152144  0.35329593797814351  0.36426872896672535
  0.37511243293403340  0.38575370380427604  0.39635098250928658  0.40674695079881235
  0.41726131235127950  0.42801290126486535  0.43885119252459126  0.44964701869224105
  0.46023748430020439  0.47096433058551040  0.48179806837910261  0.49263952917933435
  0.50336776235296465  0.51389428252805658  0.52446498490920457  0.53516119032508602
  0.54595436986821444  0.55673612492967728  0.56742608605465128  0.57811782949029200
  0.58877615257799476  0.59925397833230187  0.60973294878109630  0.61998385999073624
  0.63008992289320220  0.64009186641429783  0.65024601351453615  0.66085217152055864
  0.67155765859156402  0.68243139391270591  0.69324553308175541  0.70384976100670471
  0.71455715610329351  0.72516868454643890  0.73585409049549455  0.74617978082799463
  0.75650293813116498  0.76640605638902515  0.77626217069967340  0.78614046980386176
  0.79645724503620452  0.80708342802859634  0.81723603185968807  0.82723112058882198
  0.83727913227573214  0.84753163060384851  0.85773748341313671  0.86762131939489173
  0.87738096258551213  0.88725239599805217  0.89756882913389247  0.90833758447909718
  0.91945084494645679  0.93028401848661879  0.94110933722605072  0.95243983257649845
  0.96386081467023632  0.97572577986471898  0.98767687502597667  1.00000000000000000
 -0.00226895517402887  0.01011807716274823  0.01996281321542860  0.03128236747910883
  0.04140352266593369  0.05291976100520327  0.06352719247346320  0.07367849958430064
  0.08359574544963429  0.09360764216374899  0.10366320202583945  0.11379036212017414
  0.12370800356392714  0.13407717263520350  0.14452529223767704  0.15512427167691778
  0.16559182271181513  0.17586323758206451  0.18597037883748993  0.19589966419190183
  0.20541294364733581  0.21509351946035038  0.22483097287932285  0.23501697306047770
  0.24527009365041794  0.25595556881086629  0.26695299622198393  0.27792729417826822
  0.28877831161572903  0.29951739595166549  0.31012323272881165  0.32084337707279287
  0.33121579498353915  0.34166469655896453  0.35203239182861717  0.36327952654307843
  0.37466036391668017  0.38506913679445470  0.39526642490155384  0.40607158129411353
  0.41696502838648924  0.42760772659821999  0.43834153407422333  0.44922105641699694
  0.45973766876558864  0.47009560476854934  0.48045173895977572  0.49111656676518667
  0.50164565039663311  0.51240706557779570  0.52322147455345058  0.53403409482009445
  0.54449719993079959  0.55485796253616493  0.56510636801059466  0.57522738176644395
  0.58539791560575527  0.59568987523054617  0.60608598919019907  0.61640808612397580
  0.62691905007453386  0.63776216362377292  0.64823937854270308  0.65859479636575113
  0.66909193650438503  0.67984761420107487  0.69073405298008683  0.70160086854690240
  0.71218520298694044  0.72236099284264488  0.73240570179519937  0.74280843428130916
  0.75366680714692991  0.76443360587892017  0.77468645062815944  0.78470214329371224
  0.79459890085800244  0.80434042160312136  0.81413631458174929  0.82425452942695365
  0.83434780047343671  0.84489097365186749  0.85533187475388450  0.86658758426889526
  0.87783966454286544  0.88923878633241982  0.90044977992763620  0.91128392041827788
  0.92200128103251155  0.93296407039418083  0.94410277296558487  0.95540078107495319
  0.96684454465755088  0.97821665779575906  0.98920582437200277  1.00000000000000000
   9.8207935074546453E-022  -1.0000000000000000     
 T T T T F F F F T T T T F F F F
