  0.49945919067521938  0.51031692451817401  0.51665186498807936  0.52039893446248964
  0.52459195222738897  0.52856249064142680  0.53237620736039126  0.53607702056807616
  0.53967609470548628  0.54318880739902964  0.54663882545163167  0.55003109570870778
  0.55337597466605015  0.55667247044126666  0.55993889302454669  0.56318373095504415
  0.56640142352024747  0.56960773512265328  0.57281813563189254  0.57602017057331689
  0.57921105190203903  0.58235898552265186  0.58549208362191385  0.58862754450784838
  0.59174142467557767  0.59485309075176840  0.59794239545917460  0.60105943141179730
  0.60421993135025698  0.60740050294930970  0.61057002358792056  0.61369552081694145
  0.61683325604901929  0.61999512006980628  0.62317779979079801  0.62637074506077672
  0.62956895743163532  0.63278268729982057  0.63601201470461199  0.63923406003807326
  0.64244232004999391  0.64565915328532686  0.64889828815900996  0.65221554972265239
  0.65556546891632328  0.65896641970591896  0.66238862375546292  0.66581425218464241
  0.66927430907798668  0.67275796581853098  0.67629006064586372  0.67984407112206990
  0.68345305483440710  0.68709115130137788  0.69087617132981771  0.69419632979454393
  0.69721030183190691  0.70023385560513207  0.70323410719283830  0.70654524555381237
  0.71040261509722435  0.71434056600875628  0.71832049558019428  0.72235671402598245
  0.72647354423503407  0.73066703227891661  0.73493072078535449  0.73927002441956258
  0.74367839271720726  0.74815174006357354  0.75270973731857793  0.75737759220421008
  0.76214720287530191  0.76701717775194111  0.77202734559734043  0.77719800559869501
  0.78252786312615163  0.78796776896403498  0.79353091195182379  0.79924351280782169
  0.80516752754408527  0.81135521459457127  0.81779599930884517  0.82447517423089678
  0.83139559687725872  0.83870297321651521  0.84646199325936500  0.85484817526026902
  0.86386535400393216  0.87354269576919408  0.88416009474156898  0.89620246408057447
  0.91013844547602274  0.92672977633579223  0.95125899311040474  1.00000000000000000
 -0.00224816763019805  0.00961362654538022  0.01970348134808732  0.03034479593635426
  0.04094575843677038  0.05150906074063692  0.06197041685605855  0.07266222382990992
  0.08334617439628932  0.09408547765986931  0.10478977907399521  0.11560930943347343
  0.12636188405106993  0.13720144626496111  0.14804657364228435  0.15873130202512503
  0.16953087037982600  0.18036890359709173  0.19118601143894229  0.20171317929238680
  0.21223224771333088  0.22292282017960718  0.23362521248506693  0.24435570341562790
  0.25517961153617025  0.26588174767115524  0.27650604675660923  0.28701504321720617
  0.29772878197104080  0.30847735740864496  0.31919375081017221  0.32986407972104048
  0.34065288070884864  0.35131232605177809  0.36198787222096829  0.37248608404294187
  0.38301395453238002  0.39350605462121330  0.40399962861937155  0.41463532681164089
  0.42528270773864774  0.43592641362653750  0.44647948175931518  0.45693113868802454
  0.46737370273013706  0.47782820829816275  0.48843659176344834  0.49907248224452383
  0.50989864616409453  0.52092295543783973  0.53203055606986194  0.54286330150009132
  0.55347394692806995  0.56411769615755358  0.57523760272465452  0.58403317515998554
  0.59252326049756798  0.60094886554873461  0.60958017858013969  0.61992853925509961
  0.63063536865478376  0.64134203142628754  0.65203171711683217  0.66263525031007486
  0.67323384994732605  0.68369136048230350  0.69414070337151668  0.70459565047999984
  0.71526758096419274  0.72594678209894059  0.73651706372023673  0.74715379775755530
  0.75770700766577226  0.76818632077815197  0.77852990096341068  0.78883194193120665
  0.79918703804983671  0.80952900905971203  0.82002451289727640  0.83073147629661714
  0.84155606048871145  0.85228610231667223  0.86302523243833262  0.87374614798433781
  0.88420865128609138  0.89470032237166319  0.90518843088051559  0.91573588786071736
  0.92618836200572530  0.93658310991023397  0.94735413489027753  0.95798230438637388
  0.96854956822658878  0.97911671301362901  0.98958959194642360  1.00000000000000000
 -0.00242314414412784  0.00940272367380861  0.01937064053869642  0.02968482462823246
  0.04003030750316539  0.05053166761998314  0.06130215261768096  0.07244258055145694
  0.08360673494844967  0.09462435143860862  0.10559260619266883  0.11617473594990425
  0.12670675872274006  0.13723743647924713  0.14750544052791981  0.15787001726578548
  0.16841591452006779  0.17924120317927647  0.18999629070893020  0.20068862875855387
  0.21131067777334112  0.22190609091232144  0.23233130354956111  0.24291862947929707
  0.25362225569980257  0.26437108290096228  0.27504821363634546  0.28572044007042158
  0.29632303804361709  0.30705295085377649  0.31747641829787182  0.32791234480157760
  0.33848339438336195  0.34917884581965097  0.35969215763752754  0.37011194982927881
  0.38067497818253926  0.39145391425845838  0.40208514230650111  0.41263595195769387
  0.42301221653030258  0.43341661868240372  0.44381421822017908  0.45428745426316025
  0.46475461440634730  0.47520384057035453  0.48572095495195017  0.49638759097788704
  0.50718467967151548  0.51807559962651406  0.52915502261556424  0.54036703791211582
  0.55151469435675748  0.56250587120220075  0.57325550439068673  0.58389492546333588
  0.59447009338218226  0.60515282505453516  0.61592250982210650  0.62661534153251008
  0.63716950112839599  0.64751611566911316  0.65788144986211494  0.66837047415130613
  0.67913923110055441  0.68986303725977038  0.70071208109204086  0.71149132243773072
  0.72211658222424635  0.73249400707001810  0.74284433231091329  0.75155893585756806
  0.75975585848151905  0.76798077131987941  0.77582170621307134  0.78654943922336362
  0.79721124871851123  0.80785868949480133  0.81832014322568858  0.82891493415752726
  0.83963591629512591  0.85068212697403156  0.86164031563509702  0.87259474508542512
  0.88328295158444381  0.89395286655138784  0.90438517073088032  0.91472526644302443
  0.92498324743777394  0.93538429692806202  0.94604172640462214  0.95661727062157020
  0.96719352188844110  0.97787547839051470  0.98890599719274830  1.00000000000000000
 -0.00236580389867926  0.00917282772670076  0.01921423224402165  0.02975946161129536
  0.04030821851789355  0.05091193214939795  0.06144640481519997  0.07197206072805665
  0.08250973349145833  0.09327576300860561  0.10426538561752388  0.11511800421217371
  0.12608586417751444  0.13697398110187281  0.14764192147163946  0.15798940868539504
  0.16839527726841438  0.17909840585827158  0.18985008654180924  0.20039600422852566
  0.21074817799105927  0.22106790739590693  0.23146668386916852  0.24191653011156949
  0.25253059879074213  0.26322056239789338  0.27385052525726511  0.28446682562452502
  0.29505012226412952  0.30580695341370828  0.31665029661390065  0.32766503076382969
  0.33859280907849731  0.34951332909218530  0.36036761563123426  0.37115931771023236
  0.38181790310198083  0.39245752899668329  0.40312633304449491  0.41364774814802258
  0.42408987230737027  0.43473167367357629  0.44430163686137686  0.45270024077728488
  0.46096796544896573  0.46934118589104462  0.47860029331651571  0.48945386291772863
  0.50011026563163852  0.51085902553127438  0.52173525949007338  0.53264592888795859
  0.54328260926074989  0.55375995798170585  0.56426824169964940  0.57489756834488093
  0.58549576248965340  0.59625320788749525  0.60715203595074674  0.61813715557669324
  0.62912232069776119  0.64005517086874908  0.65089822721069390  0.66156984268655938
  0.67225893616060051  0.68298583935872537  0.69374749725412477  0.70439523802570703
  0.71485075860276659  0.72531073064160256  0.73584592865270881  0.74631076324931822
  0.75659228076705454  0.76677110874190635  0.77701623286988686  0.78746232452739384
  0.79803490242728126  0.80858188450290480  0.81903771602917619  0.82961987097642975
  0.84015715992119711  0.85081925120920243  0.86138587503769215  0.87188960929836579
  0.88219115091437705  0.89262722005447215  0.90314575466162117  0.91356568280055028
  0.92402451749039238  0.93468516741298857  0.94529329965722819  0.95590861507679448
  0.96672606261532801  0.97770764960764489  0.98876495558315836  1.00000000000000000
 -0.00018336752678004  0.00099529460123107  0.00284691688723701  0.00491536037008054
  0.00809693494560223  0.01112980816671959  0.01721605633760438  0.02774423210688100
  0.03885716671822324  0.04970558413307533  0.06046603832508665  0.07129237429682983
  0.08217240902196972  0.09302078184744828  0.10386659415629876  0.11477205641916820
  0.12574749157691056  0.13677400642489965  0.14785998811631765  0.15898436617218756
  0.17014655185228844  0.18119439438290627  0.19200867551637396  0.20277716545700902
  0.21352952393572153  0.22429975504649355  0.23512505046147733  0.24619343706194780
  0.25730664873185921  0.26853623527295800  0.27994361535780016  0.29137066489157054
  0.30286271716792568  0.31435514906521528  0.32594880409370175  0.33740121883144297
  0.34853742025246759  0.35946890534016185  0.37024943984697650  0.38102791820977028
  0.39177952071679073  0.40255781968137916  0.41348030174778200  0.42440652963905362
  0.43544391584618874  0.44660195196984126  0.45780841804721611  0.46890455305604400
  0.47998458444008635  0.49113782682226953  0.50235018661896458  0.51332151487636968
  0.52446438690969566  0.53559314443717743  0.54672346202931010  0.55777575043556982
  0.56889397644429640  0.58010809802676355  0.59134246446714156  0.60255732164143694
  0.61375504848165263  0.62500122743381359  0.63628992398565276  0.64743207448463957
  0.65832578625865401  0.66921670488099283  0.68019676378754423  0.69122776177961653
  0.70217303309938917  0.71316451782886758  0.72436283398925250  0.73565586345365708
  0.74696271880589205  0.75801923718466335  0.76926139923496650  0.78030759829620278
  0.79124229330608409  0.80198108415124869  0.81286125775472551  0.82385359134396652
  0.83483644946524960  0.84570190870242157  0.85657351436880425  0.86755511858240553
  0.87848262415428768  0.88939231458517620  0.90047245641373785  0.91167554381775484
  0.92280791758556280  0.93373951369185215  0.94468898817480984  0.95565086075486150
  0.96670738000574341  0.97774542041778700  0.98888851597431604  1.00000000000000000
   1.2393532335329953E-023  -1.0000000000000000     
 T F T F T F T F T F T F T F T F
