  0.00035819395389132  0.00138743849999734  0.00248647078648073  0.00383067389186686
  0.00542620524873953  0.00728612527567198  0.00935101854341078  0.01167533663808018
  0.01421813528536209  0.01692211773969892  0.01978783328651112  0.02281343700634695
  0.02601186091463609  0.02936832516277767  0.03288546841882088  0.03659282942570587
  0.04042454415847105  0.04438532152180128  0.04846763228350762  0.05271804663506321
  0.05710557602991946  0.06161563169945421  0.06622520966778139  0.07093129164659501
  0.07570633167147889  0.08058443284035037  0.08562654107414734  0.09078934663597284
  0.09608014902052592  0.10140644568408609  0.10675941221573769  0.11208963615820103
  0.11741198117878822  0.12288513965501886  0.12862164779368068  0.13445739604365928
  0.14040742622399119  0.14650829125190981  0.15265475490855890  0.15887627203973798
  0.16520304334296526  0.17167409455745825  0.17810584245546687  0.18466810201888692
  0.19122093904224857  0.19788966477739636  0.20478005949775716  0.21168289132815410
  0.21853127179287279  0.22558520330356782  0.23274364195816541  0.23993967889060661
  0.24763549213319236  0.25525513382885012  0.26305781618227941  0.27092441502003489
  0.27880994052296632  0.28681472538365105  0.29501875167952196  0.30327729376980256
  0.31150402996737370  0.32006892583915669  0.32877032789356658  0.33770606261013847
  0.34688853854726243  0.35609848505600417  0.36507874944107149  0.37421326816406730
  0.38354973612376353  0.39310396469331449  0.40316710024203317  0.41369159902532626
  0.42450669709515687  0.43543479462156409  0.44621749449629133  0.45775070923471467
  0.46936909924626818  0.48116186215436757  0.49325664263223074  0.50572745273278596
  0.51853045177798773  0.53194134031894846  0.54642591618000247  0.56199118037226414
  0.57827574652110025  0.59539852376174640  0.61347961278401675  0.63257668270468903
  0.65326455781799264  0.67718512463167502  0.70353998895265801  0.73344107266997249
  0.76961986794856829  0.81630135453208164  0.88485781793096818  1.00000000000000000
 -0.00222604023583477  0.00911479902059453  0.01907474679924942  0.02931408768424795
  0.04007233399735600  0.05110602750327600  0.06229026804859629  0.07339522460281284
  0.08440490641713511  0.09501789023492442  0.10548729329758315  0.11600236749994015
  0.12634467973549773  0.13660571960287168  0.14697133233515480  0.15795539286832649
  0.16885717776727649  0.17956365687611986  0.19011891146065901  0.20088662370158000
  0.21157863578821601  0.22193994269470227  0.23225067824725384  0.24296351493470153
  0.25356002016701112  0.26416858947472821  0.27456504012172112  0.28522021584783175
  0.29577199803111925  0.30644114752635293  0.31698199414755923  0.32775919680460730
  0.33853322410882597  0.34929726513954129  0.36035004360694367  0.37154844371701884
  0.38272006395897301  0.39378848596193072  0.40463904406182938  0.41534258225477838
  0.42571347730982961  0.43591723283179207  0.44658056745881880  0.45714825563416922
  0.46757347610379552  0.47796465394539311  0.48856515029643000  0.49925185613653628
  0.50976803530693715  0.52040763238444276  0.53144387078572997  0.54218640144169272
  0.55236472183242913  0.56227505624911212  0.57254509070562876  0.58318274831752182
  0.59398382641725278  0.60461209066991128  0.61515250807965693  0.62554283176520653
  0.63593478985670482  0.64625105731125210  0.65659473944895219  0.66685961758210976
  0.67730260899362693  0.68783850718363493  0.69853277652267920  0.70920644625186369
  0.71955008408271526  0.72964935585094315  0.73969346440865336  0.74985274603803864
  0.76009840780626192  0.77028889969018999  0.78073559299003614  0.79111566816388512
  0.80135133981937434  0.81142549094411853  0.82190504574361722  0.83290722083063462
  0.84364261127848883  0.85396059793273349  0.86406429608266888  0.87418335087508403
  0.88447152604807167  0.89466335278246745  0.90498402316245274  0.91508590480393126
  0.92574590173488780  0.93624099794216042  0.94676986455922985  0.95718308824166820
  0.96822608563857337  0.97908306507916831  0.98957466718432519  1.00000000000000000
 -0.00248640733751811  0.01115521623817904  0.02248261405008765  0.03384507215525170
  0.04495667347763791  0.05590991972914119  0.06648474592559946  0.07678942712237689
  0.08697978182312668  0.09734604543284342  0.10795442821496211  0.11867347118168174
  0.12947783360636014  0.14025718895798672  0.15079003442029221  0.16129883527176284
  0.17214994893492214  0.18320643410451026  0.19425662213136477  0.20478046034766673
  0.21541713808639545  0.22612604310101611  0.23714473844571782  0.24779324266759037
  0.25824335965078976  0.26889228206665439  0.27969614036705376  0.29056508654906349
  0.30070320773701348  0.31061002208700933  0.32033252790586453  0.33019827206123686
  0.34014209610998591  0.35020493151412457  0.36018382770949509  0.37047655979860833
  0.38091355868721810  0.39098914393541706  0.40109847680047217  0.41162235642505679
  0.42239736217183016  0.43328219985105804  0.44433000618747670  0.45595556937257403
  0.46776896445823252  0.47912216727756701  0.48970690619806201  0.50012460840210204
  0.51027313174220845  0.52035106233532069  0.53024486908425472  0.54053594426704976
  0.55107851212998282  0.56115964996080392  0.57141026903646508  0.58160083864370771
  0.59188149723321859  0.60234807783628408  0.61280287455402260  0.62373396318338514
  0.63372168739393042  0.64334981112237821  0.65330987665845641  0.66344634730069896
  0.67354475767422461  0.68358760986231337  0.69403082093217749  0.70447906597979282
  0.71459890071228926  0.72457711561901705  0.73473273447854903  0.74498403298295168
  0.75522250749292297  0.76563532319180760  0.77633883054390929  0.78709486552063701
  0.79753890964460472  0.80778996606642484  0.81827631962680447  0.82918098304718546
  0.84005191037868776  0.85106219679847017  0.86184084467082445  0.87224053654504541
  0.88239481565236455  0.89269668889657416  0.90350321686287072  0.91429547783394149
  0.92532233293588373  0.93655160657423109  0.94748932310556488  0.95821606008041793
  0.96842100353882066  0.97881714557612254  0.98935024246867642  1.00000000000000000
 -0.00270684776490764  0.01077977516392882  0.02176759050915099  0.03310956765025565
  0.04394061344674533  0.05487949611184749  0.06577821322320677  0.07662491295559756
  0.08727024479653255  0.09793820635927049  0.10859523033940804  0.11931358725398401
  0.13005878273750560  0.14087423985081521  0.15197296810803826  0.16302010837034592
  0.17392490344876324  0.18451388872826352  0.19546047755571400  0.20622204112617332
  0.21664808116805101  0.22710107524407669  0.23797053491208092  0.24893860384157326
  0.25986724067026407  0.27047411704893592  0.28080092566219250  0.29092318609185108
  0.30185513151552523  0.31297617793441873  0.32388113349954317  0.33452976286010105
  0.34493341762549823  0.35506375498469300  0.36513532907411084  0.37529640279355625
  0.38553310712405597  0.39573398375158747  0.40624735353895314  0.41663578013520874
  0.42687998703233532  0.43708755195942478  0.44757306548692960  0.45823857342893665
  0.46887018232531785  0.47947346608555508  0.49016954287655212  0.50107342372644270
  0.51204400482708734  0.52270487903922214  0.53299275581472871  0.54329457760603406
  0.55352764137856769  0.56364384956585967  0.57365907621551782  0.58398926779012628
  0.59446665139315036  0.60525156359737287  0.61630577271865039  0.62740694999668989
  0.63855657252823017  0.64966328205199708  0.66071955719136244  0.67172370199845544
  0.68267089896707422  0.69349522291458499  0.70407579476196547  0.71432014689893064
  0.72436207184763624  0.73424151108042723  0.74413540812511136  0.75418065069801798
  0.76433800541633623  0.77464542484926369  0.78502688253182273  0.79537233837190979
  0.80563887677346657  0.81610869678741882  0.82643339069976485  0.83618972472910613
  0.84558075355881346  0.85533533910461090  0.86557268840884372  0.87615051572971836
  0.88696338023963373  0.89792561409086502  0.90865906183150624  0.91920876399078977
  0.92980264635466980  0.94036642539650905  0.95069553208953195  0.96076834938643285
  0.97086199916081539  0.98099905923426822  0.99072680493500298  1.00000000000000000
 -0.00222015139194239  0.00939177644057913  0.01902465790710503  0.02912940758443215
  0.03934679098480409  0.04943609447563772  0.05965299025657973  0.06983525762051149
  0.08005934201956204  0.09028181635927646  0.10069913309918056  0.11112514012045080
  0.12136349776257377  0.13150404411214531  0.14167790291447158  0.15176703872212896
  0.16211992995415223  0.17288551369102648  0.18427910428060179  0.19586343797327790
  0.20741177493332202  0.21811610602746304  0.22832058169119010  0.23848412085650489
  0.24854859913203178  0.25822286217379309  0.26798886450775350  0.27835223962249234
  0.28901598004053564  0.29947136446309003  0.30982982822313448  0.32049516276617052
  0.33140321493410813  0.34231626070427146  0.35314928411585089  0.36401920977048680
  0.37482756057737493  0.38545084530026574  0.39589125862187635  0.40603113234581450
  0.41589033613502091  0.42564775146917377  0.43537099742909613  0.44523835341028362
  0.45533957952200865  0.46600552282194435  0.47734140051627366  0.48884415379634683
  0.50007631677938502  0.51106415300825214  0.52218430797648363  0.53368457586667295
  0.54528592077320215  0.55659429712425068  0.56778726278742919  0.57888275748566775
  0.58982529236439230  0.60040438056154144  0.61046623243023279  0.62049269518934236
  0.63060976578652195  0.64091409596463922  0.65100359435975985  0.66075618396202218
  0.67069523988469670  0.68081251818386035  0.69086522353162094  0.70080734367858832
  0.71084822655489355  0.72121966882434507  0.73183372757634946  0.74253577060636122
  0.75326188351944190  0.76380275162950240  0.77430394130831259  0.78476344827548350
  0.79552997542971771  0.80647890485903551  0.81762132517310837  0.82858430597694155
  0.83944461959731820  0.85007251370615844  0.86052021789820887  0.87095310692249206
  0.88130442077271498  0.89202950089547051  0.90286925952947428  0.91394233241892830
  0.92446700767774614  0.93430426254452581  0.94431489019261505  0.95476604564835488
  0.96544583738033152  0.97632569280562786  0.98788968317788550  1.00000000000000000
   9.4768771761417075E-022  -1.0000000000000000     
 T F T F T F T F T F T F T F T F
