  0.00163108892403055  0.00307752372485168  0.00452283049712678  0.00615188710418647
  0.00799386682173052  0.01000986936565994  0.01222694891423493  0.01464787933492486
  0.01725564759726157  0.01999965108327522  0.02292296855414028  0.02598478243013327
  0.02918476928924340  0.03261948075927243  0.03632340087200488  0.04011867590087971
  0.04395841136285372  0.04784780248848255  0.05180719952893873  0.05587245300631585
  0.06018640649421637  0.06466036784930701  0.06925321774463886  0.07405734961372915
  0.07897618402656231  0.08402457209267877  0.08904180359965694  0.09410431937870511
  0.09912838969491389  0.10429191319252488  0.10962763990133773  0.11494712749056325
  0.12037989975707789  0.12582638305769084  0.13134446510807948  0.13700859830670262
  0.14284049887149522  0.14885073824515688  0.15495577296935753  0.16118667622439994
  0.16743252424484620  0.17367828592136558  0.18000125017427032  0.18641802405661742
  0.19297161474565641  0.19965799815610297  0.20650350205770371  0.21336904366360152
  0.22039199115371724  0.22747805920810998  0.23460967176279074  0.24175691511858707
  0.24899260379557578  0.25632349719705616  0.26367865274572017  0.27121498348593231
  0.27896913291227066  0.28682916571225303  0.29499024555099085  0.30327251233911351
  0.31163865461566087  0.32013334684533767  0.32880286876273779  0.33766602330696671
  0.34678260471606615  0.35602117183265675  0.36537093083802497  0.37483516322517735
  0.38452567169807106  0.39444438379479158  0.40451477756615345  0.41483831536361027
  0.42552840198192793  0.43627768670323613  0.44747620967634572  0.45896738129841280
  0.47070412947186047  0.48283648682456237  0.49549319006856363  0.50835727033351097
  0.52203090802981367  0.53623677695675653  0.55074361855315912  0.56620090722502758
  0.58261350597694173  0.59963540415850347  0.61770062063901621  0.63705546686226633
  0.65790399427051338  0.68040212435962688  0.70608363125222884  0.73502662803732199
  0.76902908951708238  0.81308964551017582  0.88101003149762069  1.00000000000000000
 -0.00228881697386501  0.00973010903900419  0.01987792128305827  0.03011404849382512
  0.04019173666963227  0.05039750181394713  0.06051086925511956  0.07070012814988914
  0.08104438448301400  0.09129661838764730  0.10137816872423291  0.11148920386657168
  0.12176108297291649  0.13212051030727875  0.14206987944727953  0.15209790020992350
  0.16206124583437909  0.17236042772937116  0.18252904224604671  0.19283093258059186
  0.20364011512216154  0.21450832529947270  0.22525593646289196  0.23609358893400886
  0.24708434403890472  0.25818204069599693  0.26883195518635300  0.27991253566569818
  0.29098442436948418  0.30206759765331481  0.31335037594367404  0.32493345643302368
  0.33608184785244366  0.34690157471217253  0.35755351052600065  0.36828061191747019
  0.37904567687765983  0.38970815743167775  0.40032175771531903  0.41086879031997803
  0.42133034671021530  0.43170131621410135  0.44191974853655530  0.45190590166318123
  0.46182757428602855  0.47192038104284717  0.48219394127823900  0.49237669045865046
  0.50258037475452555  0.51295460289723882  0.52320827929585312  0.53341345202869239
  0.54357123263934859  0.55406569735264266  0.56453666574895545  0.57491335826658885
  0.58509277519445635  0.59546540142872662  0.60608508919282145  0.61673185832087929
  0.62724896642235006  0.63809678590890739  0.64885612856482189  0.65936651329047624
  0.66965117130514418  0.68020596020786506  0.69080413962127007  0.70119248883489804
  0.71177952744810147  0.72245185001281353  0.73299353603285633  0.74328051352068325
  0.75366695799024330  0.76419141869277707  0.77503130329154379  0.78624694863382938
  0.79760613655117485  0.80917134129511503  0.82068732156673796  0.83209300850528545
  0.84300634088216131  0.85348262695513022  0.86355724454269556  0.87344659640412536
  0.88348037448651795  0.89370370796884580  0.90440156917840842  0.91520170254918198
  0.92561726002632227  0.93607273921703771  0.94676897657581482  0.95748970355638074
  0.96775258795422492  0.97795263602628102  0.98890917261545186  1.00000000000000000
 -0.00248139890309741  0.00932667667476638  0.01954231846919159  0.03001588620563369
  0.04060742528449077  0.05124104308921498  0.06187437080406846  0.07228920593664444
  0.08276531699854021  0.09355234810419093  0.10444774658758714  0.11514378206553906
  0.12577947091007255  0.13655771982380199  0.14721383423198037  0.15767489062797019
  0.16841330779682637  0.17938094733600277  0.18995361838230432  0.19998987657960962
  0.21002315079784717  0.22039408863093701  0.23095578068389921  0.24140886960057933
  0.25182818615515751  0.26240288459275329  0.27279049169608410  0.28302914971766818
  0.29313514688602199  0.30332314688903533  0.31364674452273755  0.32410498442101326
  0.33478137451139284  0.34533925344776428  0.35582814613928238  0.36646212325175431
  0.37698474771927315  0.38714848239464478  0.39721924809018855  0.40733261865478820
  0.41757643055342736  0.42780729652234728  0.43806050406604807  0.44861539278160351
  0.45944950243747718  0.47039026049126659  0.48131784003797640  0.49222886889196588
  0.50320438549114044  0.51419516835735668  0.52531474544576384  0.53644541553271619
  0.54738393740492430  0.55803576284116962  0.56863477634850079  0.57924922500578913
  0.58982215206516442  0.60043419812150389  0.61113388224786713  0.62211004682383642
  0.63314432599519022  0.64430916258703008  0.65482366220668875  0.66540947973426745
  0.67622046272449554  0.68740401502856041  0.69806093734782204  0.70830898544208409
  0.71844973595364481  0.72885331753173610  0.73955932173610062  0.75041787570617213
  0.76066636806458887  0.77095839665499433  0.78139405600905010  0.79211108356214199
  0.80223729887962236  0.81213785829415419  0.82208986432981046  0.83217721827056201
  0.84238184265671912  0.85254369636255423  0.86277849812406893  0.87302652954264059
  0.88361667462563509  0.89444750021163266  0.90505094384342555  0.91563853100168691
  0.92603619796231151  0.93651020986114375  0.94693452699811731  0.95732201566321995
  0.96787935325099628  0.97840084942407546  0.98922216543014341  1.00000000000000000
 -0.00239661260545091  0.00998331206689447  0.01982780011250641  0.03006552738836749
  0.04014976723472649  0.05073502160498193  0.06144169847342444  0.07204097167226388
  0.08267286970966650  0.09351269471397046  0.10441380291838163  0.11534509331713899
  0.12622032507243941  0.13719029628611890  0.14788240087305909  0.15821992226419693
  0.16855217814078202  0.17922159382102165  0.19013765313148068  0.20094380867015721
  0.21181067040842930  0.22256269850333144  0.23347697976404069  0.24425275844132743
  0.25493137144926964  0.26534867716128741  0.27563575288523257  0.28624136386564086
  0.29678716974442221  0.30729966702703526  0.31793567160057057  0.32899439886927656
  0.34004093288286741  0.35077620343431276  0.36133370663225561  0.37166597083626712
  0.38216120737962406  0.39273435991082833  0.40302397078187840  0.41315378231060268
  0.42338373445298139  0.43364750834366117  0.44361103234270283  0.45351145836405149
  0.46361224811634827  0.47445922137835927  0.48512940886235401  0.49589161678401533
  0.50651422542045244  0.51683857935132349  0.52731109859359770  0.53766764850262938
  0.54818508536382038  0.55845566642008382  0.56880189032144612  0.57934713471868571
  0.58991278139501524  0.60080572428207368  0.61152417100152590  0.62210891634072318
  0.63262748450701789  0.64318870216709667  0.65375223726987819  0.66403878704561681
  0.67440158827964458  0.68492373625332881  0.69565191089851164  0.70632721494750839
  0.71704862635444899  0.72775757332365676  0.73842704253837987  0.74892745724694787
  0.75900653354837277  0.76901460442850478  0.77922177560508799  0.78967314825559343
  0.80019992202960932  0.81080634323220580  0.82136904031847735  0.83175844860695147
  0.84180256776413054  0.85182297543459651  0.86227082178540171  0.87258413528659884
  0.88316572089181988  0.89359999004961299  0.90425650899752341  0.91465419577744655
  0.92520412053300682  0.93573804372354297  0.94649845779934194  0.95723424746338315
  0.96766559508895034  0.97826104578884698  0.98893421164171591  1.00000000000000000
 -0.00238750641123270  0.00967796585842300  0.01984310352518599  0.03005455465187973
  0.04039420037780379  0.05079426045815748  0.06100020912035199  0.07122499761926243
  0.08124054318620492  0.09180789079988969  0.10238234450598713  0.11324718871794986
  0.12364028066624429  0.13407865279860456  0.14456498074604310  0.15520136444447838
  0.16582405395482630  0.17636746485793597  0.18695976713717724  0.19764904831281332
  0.20821589873560362  0.21910890353450088  0.23006987040041543  0.24110301742516807
  0.25182139259123881  0.26262823559616294  0.27346495861974279  0.28436781018708052
  0.29500835522522184  0.30508417404292637  0.31516350845964691  0.32522445969970509
  0.33594279847415509  0.34661024058880496  0.35708385898239486  0.36725843275661163
  0.37742366711628850  0.38783973428786844  0.39846584404363766  0.40896980814997524
  0.41926647244997101  0.42962678136180821  0.44016044338836913  0.45071649069461334
  0.46115911506749530  0.47135877068594184  0.48193327996704027  0.49275378081333970
  0.50351886701225224  0.51393484266256428  0.52433174774262281  0.53490796127261997
  0.54545238189433620  0.55592887738618502  0.56645260125814934  0.57733732591938713
  0.58797455663986042  0.59835419730404127  0.60885848444368573  0.61925665447453593
  0.62952870814190831  0.63958330490270598  0.64999975973466839  0.66107089392549645
  0.67213599051040984  0.68310549373028595  0.69404998375987792  0.70494889050397502
  0.71575957024852299  0.72649850494926238  0.73703238587347930  0.74770699541394903
  0.75798522991432882  0.76844483007885378  0.77851321076662627  0.78859277329215860
  0.79868846168632002  0.80907580277568203  0.81948617154260672  0.82993180236604314
  0.84057087540530284  0.85114705296507709  0.86160051038155450  0.87196326693956028
  0.88278321581213026  0.89353544657291506  0.90434773769829335  0.91486480740481380
  0.92534209697681125  0.93598498722586332  0.94664045986580869  0.95673912076673007
  0.96666909359266562  0.97682188376280565  0.98810573318881723  1.00000000000000000
   1.2131931735334032E-022  -1.0000000000000000     
 T F T F T F T F T F T F T F T F
