  0.06237840593496917  0.08021464152521525  0.08972917491476905  0.09733315991744435
  0.10415251986345135  0.11047872787281664  0.11646802909034409  0.12217777029243815
  0.12779728511384178  0.13326295583720146  0.13867782651745073  0.14405414749676215
  0.14934380157036131  0.15454486770638151  0.15973511595906581  0.16494059608979822
  0.17017797177316649  0.17540508859505541  0.18058682271636525  0.18571616219575388
  0.19082084446051784  0.19598841879224363  0.20119857574741457  0.20644760517670258
  0.21169095417004455  0.21694844039339972  0.22219175571464347  0.22745666244556051
  0.23271742834754877  0.23796722150355365  0.24323139478696515  0.24853894761354067
  0.25390515364028482  0.25931476461640163  0.26474157272112475  0.27017563999143657
  0.27562749076354376  0.28112248268062084  0.28667482340982131  0.29229983257026648
  0.29796795271543930  0.30377796359390902  0.30959239291277474  0.31540032695817788
  0.32125274637454904  0.32711162030829738  0.33299457615581113  0.33893904594698582
  0.34500530344264047  0.35119108771819396  0.35742754552197392  0.36370533327110877
  0.37001449456028190  0.37642870294236053  0.38292918225497596  0.38953209888900225
  0.39623068582385784  0.40308999666504886  0.41001289226931842  0.41694512956901242
  0.42396869649760299  0.43115906759273503  0.43847408444274061  0.44589190317176142
  0.45341861445124104  0.46124060062573990  0.46911140456966038  0.47733194905272092
  0.48572202911489126  0.49423677014233902  0.50289701095786332  0.51174726565938533
  0.52087755427316884  0.53030257884479903  0.53985485331682037  0.54956043038686031
  0.55940470916679186  0.56959098095751681  0.58018152964287528  0.59128659768427605
  0.60278332420459924  0.61476221077176618  0.62701534759588984  0.63955884159556464
  0.65264358341814210  0.66663141677455906  0.68173129030479873  0.69801324254246444
  0.71552929243535801  0.73436997903980272  0.75511693349440112  0.77847751079997662
  0.80571371377573575  0.84004651765748195  0.89170692592796708  1.00000000000000000
 -0.00236386996941060  0.00984086942227636  0.02024253395675704  0.03095527093838601
  0.04150239266279421  0.05194883410565389  0.06246975529113344  0.07318840228246944
  0.08391336475486463  0.09451448065200717  0.10506940807575896  0.11554267176264128
  0.12613975812380915  0.13688469290890287  0.14747909868729786  0.15776051569417393
  0.16812017251702438  0.17871307423672095  0.18955448825858975  0.20016777422191337
  0.21079992466951897  0.22140989996554611  0.23216987736562547  0.24276612591738372
  0.25331992248185187  0.26368010032665662  0.27387518073860967  0.28414537824849406
  0.29450319920082585  0.30518416443351637  0.31558925880744115  0.32581119838608935
  0.33600255342097862  0.34657624464920866  0.35730616773814255  0.36816184386255568
  0.37885454716533989  0.38953048276091390  0.39990149657325880  0.41013192712167756
  0.42073787327061934  0.43152163077143979  0.44242190536399123  0.45310409043579131
  0.46414155671374491  0.47530227931280844  0.48605574993445866  0.49671377229928332
  0.50757661032273382  0.51877443653886290  0.52986328228296709  0.54051721546895837
  0.55091166801446445  0.56125396860802179  0.57158781943415748  0.58200151788432197
  0.59256479771233161  0.60316877311479056  0.61375497043865457  0.62425427863737781
  0.63480142159636532  0.64527786388495756  0.65563457644270251  0.66586592348052420
  0.67606593030330697  0.68625904077682043  0.69651058211050632  0.70673229811241134
  0.71679884524410831  0.72690294555646717  0.73709080670790417  0.74745984231738305
  0.75776871892863806  0.76795908533720736  0.77839890963112313  0.78900669469004714
  0.79989241944063427  0.81052725488905319  0.82099503443856037  0.83124602132808212
  0.84155174448153602  0.85192700861309423  0.86244904965979985  0.87327089918149814
  0.88395978894359295  0.89483128505153087  0.90519828093985077  0.91553220510675626
  0.92576081487696948  0.93607332826048584  0.94673021308037786  0.95732503887400877
  0.96820613929229671  0.97899947011744903  0.98960816505938787  1.00000000000000000
 -0.00253586628281145  0.00969590829210688  0.02009618382493289  0.03075490949975268
  0.04154308787180496  0.05213504592202809  0.06256933600310161  0.07300614345425697
  0.08337546328388866  0.09374913531795780  0.10422648586251800  0.11503026109894195
  0.12613025314518836  0.13721919355895648  0.14806995943089346  0.15876928200313328
  0.16948117740235535  0.18053786036590477  0.19160864216570270  0.20235889986287586
  0.21284665999310695  0.22372796824980901  0.23461214693234964  0.24581109528005057
  0.25656410417283326  0.26726275685540340  0.27753377164163878  0.28753642653166894
  0.29765987798488952  0.30786117710520466  0.31809289205614094  0.32821715673353197
  0.33862658216102032  0.34920505477596175  0.35949847755268149  0.36954387266905103
  0.37979385535313559  0.39035232080553239  0.40084229272603422  0.41106558960838491
  0.42151969538510442  0.43213166167464001  0.44284685117092881  0.45341407386606730
  0.46393926779788192  0.47442615723618375  0.48491812315095445  0.49517773815890564
  0.50554673629838331  0.51573682297813250  0.52618051865138316  0.53659910257376908
  0.54685384811974214  0.55700566107233751  0.56715142847227717  0.57755724619779281
  0.58810473490921467  0.59891780721792509  0.60981670668553623  0.62050964278131593
  0.63111820776636141  0.64164013021892130  0.65228829757348150  0.66278540729930979
  0.67332283048741959  0.68396549826372188  0.69449772351909100  0.70503375865723239
  0.71574135053901533  0.72662889515203954  0.73756615186201535  0.74822385977307071
  0.75871671594200407  0.76927888577410641  0.78001703403755807  0.79082463524542945
  0.80148031854387536  0.81194470488657156  0.82261686959025515  0.83324226355316611
  0.84386915635838744  0.85469094431475989  0.86581698967371723  0.87692496375092677
  0.88755638774367540  0.89811196365791912  0.90843389615208059  0.91881143273644139
  0.92903908721343653  0.93935616836863334  0.94956422763160764  0.95967582705464383
  0.96980360652189046  0.97993668539965062  0.98999984349017778  1.00000000000000000
 -0.00231430902492291  0.00946547409047786  0.01969542240300303  0.03008772571422146
  0.04049369176184268  0.05105837371682440  0.06134583001366338  0.07165187665505879
  0.08199359559520400  0.09273787325420944  0.10363653362570210  0.11435610022185690
  0.12511384544361071  0.13576985323713570  0.14628151897418717  0.15665939453002861
  0.16712348646762548  0.17770880351519536  0.18857092972479575  0.19957372652365407
  0.21069256791203805  0.22171307264334528  0.23253146320289333  0.24304327050323835
  0.25337225308249978  0.26365319593911463  0.27402429554135055  0.28431806043106905
  0.29464734880069021  0.30517636439345036  0.31565916732633770  0.32601096892904102
  0.33629495438587653  0.34692445684388284  0.35751561469486082  0.36824478704608765
  0.37895972385985616  0.38968942732643080  0.40025400485148294  0.41063098220048200
  0.42110205198919526  0.43163241316811879  0.44242522527963923  0.45310122529343050
  0.46351254761970989  0.47374745834891641  0.48415703853576075  0.49474565303123202
  0.50534617636012991  0.51603107166252182  0.52691404416105647  0.53780093608808099
  0.54843314982148605  0.55908603879481245  0.56980903733181854  0.58054582346067596
  0.59092020446852211  0.60134783862058117  0.61196203429727181  0.62255115752416335
  0.63297224773157279  0.64325097471354942  0.65366377893140126  0.66409554648064739
  0.67454609623507666  0.68499247896200288  0.69558823747684417  0.70613731252519263
  0.71646335393043747  0.72683022065044123  0.73717299025720617  0.74738681975090171
  0.75772105349983265  0.76811070736419484  0.77864371625766204  0.78914464317662147
  0.79981606488000700  0.81057574387384301  0.82112762920025195  0.83168210997741598
  0.84234059596606692  0.85318679305032274  0.86395889938263337  0.87466971240358438
  0.88517372555396967  0.89563084331757914  0.90595837804060642  0.91614592376721293
  0.92667139766851014  0.93746674066489477  0.94815508309014918  0.95839628968025037
  0.96860408803865083  0.97884918476380711  0.98923635640751306  1.00000000000000000
 -0.00260387273531014  0.00977416610815521  0.02022276931578116  0.03087250714436629
  0.04172990338488096  0.05257030310367047  0.06341817501727808  0.07417291578121378
  0.08484431811706723  0.09546498425498581  0.10610515700149148  0.11682064112616530
  0.12756614501196917  0.13810707155209753  0.14866438630957254  0.15922136664088915
  0.16984861097640030  0.18057680895388384  0.19128074953966279  0.20209726856931184
  0.21290002989587165  0.22361831068884166  0.23411212492892783  0.24444570048444883
  0.25477023240166863  0.26492436579833023  0.27531754742727432  0.28565432290909792
  0.29609212727837642  0.30635052164277848  0.31675557344733779  0.32727985574140617
  0.33749498305323195  0.34793964932529386  0.35866561196069735  0.36984109121945352
  0.38106127346750418  0.39220705074078421  0.40313216026366588  0.41382906692162713
  0.42450437910536032  0.43541356675296855  0.44589618798940311  0.45627626658315279
  0.46660669333819532  0.47704262523492735  0.48741850826561367  0.49792760746753362
  0.50858019418767120  0.51954348155143382  0.53018655228066802  0.54093102604593912
  0.55134755355075693  0.56196460162622686  0.57222838415715815  0.58232944536719200
  0.59272392733899371  0.60312948978777770  0.61363104750191744  0.62408245605407742
  0.63479653167714734  0.64543431310089117  0.65597535349057323  0.66651302436796767
  0.67710527969992373  0.68756512374058476  0.69790588482571914  0.70809450278755437
  0.71822196238209568  0.72839199394911081  0.73883175577989357  0.74944187820440133
  0.76013085018864190  0.77072679794336152  0.78134784971500315  0.79172857429658139
  0.80251788759358345  0.81322468271596093  0.82399157839266157  0.83428962753030955
  0.84493748697747439  0.85562621021377605  0.86640262871378815  0.87686243459233315
  0.88727108466865168  0.89760143043511409  0.90779336429758706  0.91794601142293542
  0.92820474932856267  0.93855396225663035  0.94879495576125694  0.95906178294637134
  0.96946451681312162  0.97991590341686097  0.99002859956968781  1.00000000000000000
   1.6990871507531531E-022  -1.0000000000000000     
 T T T T T T T T T T T T T T T T
