  0.07324583757747273  0.08611632420773234  0.09488802582182473  0.10210117436219850
  0.10859556970155147  0.11476960879048514  0.12071019943291175  0.12639896338359938
  0.13193427646736222  0.13732740130754853  0.14264988165145856  0.14789913339383265
  0.15308744199770682  0.15820513468179093  0.16327385757822138  0.16834715471758618
  0.17343225782581498  0.17850412303180577  0.18354881310088630  0.18861273839510925
  0.19370336123660833  0.19879220287330079  0.20388230344134489  0.20897585929600920
  0.21408758605127806  0.21921661832930656  0.22435514358635253  0.22952713873003405
  0.23473000442023195  0.23995308398345869  0.24520095150088889  0.25048645939156672
  0.25582498367911638  0.26120746296658920  0.26663286167971884  0.27211355232415918
  0.27762764908335730  0.28316154612888611  0.28868295947378581  0.29423851026529529
  0.29984128325032033  0.30551486881515966  0.31121662644489417  0.31697790238374529
  0.32280595602070417  0.32871882495710891  0.33468375712990078  0.34070376724905888
  0.34678612852697221  0.35289217578781362  0.35907831426434794  0.36532263660944830
  0.37164175465368987  0.37813749634960414  0.38468264032665928  0.39134044258567013
  0.39804570963660069  0.40477070762712852  0.41155557433914236  0.41845846396854613
  0.42550402468662468  0.43267913627072130  0.43997087837560200  0.44734137040992589
  0.45484415375889131  0.46246283371774133  0.47030925329991285  0.47836059311918405
  0.48657049924947587  0.49488423717747754  0.50328707864267419  0.51188023785607184
  0.52077810990682094  0.53000068146336254  0.53961535725185772  0.54969575219163724
  0.55989384071869219  0.57014255828118832  0.58052737910905206  0.59113156147304047
  0.60233714252242287  0.61411465069432281  0.62658885308917067  0.63967373343461564
  0.65333957511911089  0.66759864321190077  0.68262233803184025  0.69880920382046541
  0.71652099632797894  0.73610431661077891  0.75744044925496401  0.78113945472344937
  0.80887454251037916  0.84371147993437745  0.89499423004864231  1.00000000000000000
 -0.00207919083020678  0.00913344722638039  0.01890663956700289  0.02931901840578614
  0.03973258956804008  0.05027925955726994  0.06083607629790605  0.07170592828142593
  0.08257998102188975  0.09327994294015204  0.10395215613348058  0.11452297987812284
  0.12498649316959475  0.13519642816821381  0.14553164118371301  0.15605581478544917
  0.16654011251667925  0.17695812379094886  0.18731070816004633  0.19760432486303320
  0.20791223823697988  0.21820961222431665  0.22848793959732311  0.23881122262054763
  0.24924145522229363  0.25993835530832221  0.27055905724157503  0.28104774809485655
  0.29163178803598727  0.30251963435900886  0.31347147058454949  0.32437456490623295
  0.33516432688027198  0.34608564216391308  0.35684222710455255  0.36749334433453862
  0.37815169869798027  0.38883079118977520  0.39938297069187489  0.40989675378636908
  0.42063937844493315  0.43153672960766659  0.44244933924151231  0.45341422441891016
  0.46429103135171629  0.47515919750321933  0.48605355242265424  0.49703466483507480
  0.50766702625782201  0.51783061610030690  0.52793361872357825  0.53815352713509723
  0.54860847559249637  0.55935437581777148  0.56995605679362682  0.58037372355572470
  0.59063123784173888  0.60106159245460278  0.61155700723742124  0.62188340286061550
  0.63200279833577688  0.64214276501427903  0.65231204713092283  0.66258187460348617
  0.67304009837835987  0.68364953596648503  0.69465048260264506  0.70562090605890759
  0.71643119518016152  0.72701680999743612  0.73743928028587180  0.74814060732351839
  0.75870488216621912  0.76912109838744247  0.77926961848497023  0.78943746724833286
  0.79986635552243257  0.81037800289600015  0.82124729338576352  0.83206910726852368
  0.84286025022901523  0.85369031826255026  0.86438104018142869  0.87515521890568726
  0.88573568898224453  0.89639933579443465  0.90665844429609133  0.91686893559161664
  0.92710913342551748  0.93751785266726950  0.94802488542118335  0.95849273483023101
  0.96902173038976902  0.97927057290719022  0.98958884724518581  1.00000000000000000
 -0.00223343751920608  0.00962142340358234  0.01959658190341564  0.02995317380799501
  0.04034765097283988  0.05066126969740281  0.06102165580505511  0.07130374232596638
  0.08145004580723265  0.09137798286942761  0.10136479275664316  0.11174656285846202
  0.12207851519424257  0.13250707925115271  0.14305634120674915  0.15373663728499135
  0.16446696642377331  0.17485774064233350  0.18527848227812937  0.19572979790489689
  0.20608729243862234  0.21645903230072197  0.22682631966358774  0.23763399462400117
  0.24843631545282954  0.25893345265295969  0.26928871748065003  0.27956116839226425
  0.29006364025217202  0.30063114849968853  0.31144293319764810  0.32210526800820699
  0.33275458845320921  0.34317412178134243  0.35378003138758507  0.36439629318068678
  0.37516062913338832  0.38570004781842682  0.39613718567700362  0.40685885078990169
  0.41775031688631709  0.42857285333002337  0.43919770621156545  0.44981326424046747
  0.46037899159339363  0.47119584968176520  0.48197929005409951  0.49270266956898984
  0.50322628609456566  0.51377791641379889  0.52447433448184122  0.53490560472927529
  0.54532992121536250  0.55577657395292712  0.56634576255605018  0.57679735954497535
  0.58713011494887890  0.59745655481657900  0.60783502292673974  0.61824029322694773
  0.62888477247872088  0.63963031523820679  0.65027687816575641  0.66063171101226825
  0.67100688488841997  0.68151547304718729  0.69205240505955490  0.70254159170933739
  0.71297611190665822  0.72350216671114898  0.73403020022218579  0.74470333964527302
  0.75536703595968124  0.76611676745999557  0.77675189863008698  0.78738372437733717
  0.79792013392396655  0.80870461994840948  0.81942515670780447  0.83032698138942340
  0.84119299183060547  0.85211930569414829  0.86318428771696831  0.87398761803234981
  0.88469761283750281  0.89527703676798476  0.90593018176272466  0.91702422881406065
  0.92790148412024298  0.93881439402928668  0.94921791280976897  0.95957896465654258
  0.96981430199460628  0.97996914707601934  0.99007238310481771  1.00000000000000000
 -0.00184800156285981  0.00922250567943828  0.01908152969318339  0.02947068188103167
  0.03994279978362670  0.05033106068380919  0.06062361719319319  0.07108879225783651
  0.08160769032363190  0.09222139965520684  0.10287885718629761  0.11354062761209391
  0.12395654398873675  0.13436249527371552  0.14481918857475706  0.15532689125268492
  0.16594700567911463  0.17639124914345375  0.18665382233390643  0.19659338305225305
  0.20673209337382237  0.21734644684914950  0.22791414799639756  0.23837866268486405
  0.24864334500383931  0.25911760370222797  0.26983228942646337  0.28037567182460593
  0.29085143242380168  0.30130566730266523  0.31177781637704244  0.32249767516358402
  0.33306299277809892  0.34403749296269126  0.35501036402360381  0.36577986992768474
  0.37642405811841578  0.38677342604253101  0.39737741984174640  0.40804264461344270
  0.41872317454431407  0.42939071958881303  0.43993037567260568  0.45054146807152301
  0.46099519906780223  0.47129511421458131  0.48143949401665975  0.49151136750307028
  0.50159454209271226  0.51196743572329328  0.52239594547829737  0.53298183825093182
  0.54349060142802974  0.55413094852706324  0.56456823399208955  0.57512298729855593
  0.58579349669859515  0.59651820095988950  0.60701482567091636  0.61731914103199381
  0.62804965736411977  0.63881919461719971  0.64909761882485140  0.65926960961879943
  0.66956175500688986  0.68016090626432624  0.69066728017611745  0.70109329533270670
  0.71169224537645814  0.72223546955031137  0.73278267995202306  0.74343457709387772
  0.75418821516917889  0.76470865781295916  0.77508108553100230  0.78560493637131612
  0.79620727728749163  0.80706260889880033  0.81773749625515468  0.82852032786647767
  0.83907333211681179  0.84960516828046562  0.86023931941645093  0.87112532100718543
  0.88213316068524938  0.89322761469768086  0.90422481831414736  0.91552340066810367
  0.92609676118441742  0.93701154538218689  0.94756576942018178  0.95827474088973985
  0.96871941117684968  0.97916400803161663  0.98965439824620971  1.00000000000000000
 -0.00222009323553430  0.01014479697472805  0.02039861751694388  0.03114178718797548
  0.04151045395560455  0.05209917619371059  0.06280153531769399  0.07346694968718329
  0.08407257294507424  0.09447959136543539  0.10512583303264177  0.11573181051800711
  0.12625513748242362  0.13663790292054651  0.14708364826845455  0.15770152018824840
  0.16860892938763691  0.17963992388667374  0.19053897478688672  0.20109872389461647
  0.21171343718987584  0.22230762996478862  0.23313623026979630  0.24407570364181533
  0.25507780548003944  0.26611088426447355  0.27706972293089516  0.28781788164595329
  0.29854135880437715  0.30902923945730526  0.31956315807071733  0.33007651633872487
  0.34062463297360462  0.35122403733513352  0.36179202722089804  0.37249354125297068
  0.38341333696445268  0.39427687288545638  0.40489342165472314  0.41545712749799563
  0.42615107160294124  0.43691154726402814  0.44755822268986811  0.45812126275789861
  0.46897426447204260  0.47984090414088681  0.49051470041480449  0.50074301338176586
  0.51099330980763535  0.52146144411651374  0.53222771384184986  0.54299693074501831
  0.55366108764656230  0.56431579488034367  0.57488365116619011  0.58557579462211062
  0.59592846250580045  0.60635401678314893  0.61665024445503169  0.62694626176937673
  0.63715076565989515  0.64719013422717520  0.65714342682521065  0.66716020767909856
  0.67754566031898944  0.68797154301303876  0.69879864505966272  0.70939547137115810
  0.72001568308558428  0.73070558146799125  0.74124764138807087  0.75172871911010053
  0.76191447631286324  0.77230230432487135  0.78281885786261762  0.79347474419440345
  0.80400222800345156  0.81435398876293752  0.82440032425266163  0.83441670467590778
  0.84476982394886568  0.85541445919568126  0.86587095567158034  0.87600036880165522
  0.88587513405744411  0.89584474319071594  0.90591091755890896  0.91591540627586399
  0.92611507126987103  0.93640404674176247  0.94720709239415379  0.95804319911538671
  0.96870948587749761  0.97916345651570402  0.98963615531524185  1.00000000000000000
   3.1660351803909259E-021  -1.0000000000000000     
 T T T T T T T T T T T T T T T T
