  0.49907709354822943  0.52202282199481598  0.53396616468207203  0.54296917044924831
  0.55036273850471695  0.55694506812582423  0.56298732719295574  0.56861792566257918
  0.57391506231759160  0.57893729295798002  0.58374472004956890  0.58836170443746982
  0.59283147693351645  0.59715814987709503  0.60137664698153936  0.60547543614190558
  0.60948450668659393  0.61341296749660357  0.61727091052204841  0.62106276430100982
  0.62479048031668372  0.62846602102762561  0.63209206371914706  0.63567316481107627
  0.63921026891315624  0.64271181890322282  0.64618343256016919  0.64963299006442332
  0.65305739254288298  0.65645032828558303  0.65981458795840098  0.66315235461389721
  0.66647272256392454  0.66979447558387339  0.67310872605893424  0.67642276962378567
  0.67971835626221733  0.68300352749756466  0.68628204233286638  0.68955953883076126
  0.69283945907585665  0.69611713768061201  0.69939125014041603  0.70265733201813851
  0.70592354911276378  0.70919169576262886  0.71246227890854785  0.71574129560719857
  0.71903327828733088  0.72233919732021434  0.72565651004851017  0.72898322820979611
  0.73231341828624308  0.73567629767774478  0.73905991549257566  0.74246841624517990
  0.74589839547474546  0.74934697786667659  0.75281305665376563  0.75630730456668238
  0.75983942895758927  0.76340918984526551  0.76701213871632556  0.77064644392276471
  0.77431725764666004  0.77803802569252545  0.78180336113690241  0.78561693731627247
  0.78948701762485329  0.79341480231051864  0.79740683886136599  0.80145426769034978
  0.80556994032151341  0.80977541760231941  0.81408097773575316  0.81847504498002754
  0.82295457878422995  0.82753314463062921  0.83223992918726775  0.83709168363234565
  0.84208892524161749  0.84724867782008784  0.85259883679389448  0.85816683944620420
  0.86398182560447423  0.87007244721915566  0.87649237211708098  0.88331202485249549
  0.89060786835711847  0.89847763251239976  0.90709739069082140  0.91673017256231937
  0.92776828487482554  0.94177895967077752  0.96166050947399284  1.00000000000000000
 -0.00238236529046888  0.00984502841188088  0.01981730165677514  0.03011048452111293
  0.04024084630632332  0.05062476716953031  0.06097612250811697  0.07180049989413353
  0.08249734568903401  0.09338869257775273  0.10402874294346494  0.11491718000234895
  0.12572822511086354  0.13646206583147966  0.14710679378300109  0.15779406085896888
  0.16835521226750530  0.17892556374490434  0.18936284063438699  0.19997029701021266
  0.21025873675114115  0.22055875027989141  0.23088809739464533  0.24148456089710957
  0.25203343353141611  0.26257261615942185  0.27299788296679905  0.28355687504482291
  0.29384775637099592  0.30420683935121412  0.31453619869727778  0.32506606379036318
  0.33539395409224965  0.34558702544425129  0.35586686863487105  0.36635706281650043
  0.37683834657335175  0.38741600026056766  0.39795830631290563  0.40888446087285590
  0.41961412431984418  0.43028387123290346  0.44090952019516400  0.45146914719637643
  0.46207883205349154  0.47261130069864560  0.48322718965184547  0.49387094933501541
  0.50459475695065514  0.51534576083349615  0.52597960528825105  0.53639967559403912
  0.54676221227566491  0.55705917624513257  0.56743901885654591  0.57791541234287958
  0.58835204702630151  0.59902274426589841  0.60980799762029503  0.62065853923799907
  0.63116568567739728  0.64140487235116139  0.65168528644419965  0.66229617448914468
  0.67313290593323882  0.68408381600839230  0.69487572687777865  0.70564476878955551
  0.71629384422247611  0.72702520787110381  0.73767649231397847  0.74838524515206428
  0.75879441102279366  0.76918573537578883  0.77957020958713275  0.78993983185364236
  0.80051109745135163  0.81115463363283391  0.82162692176985974  0.83204035509618135
  0.84242877570826624  0.85303144780469364  0.86359391968588994  0.87393769700564861
  0.88432699041446117  0.89479570399453856  0.90540373713942146  0.91598019746660875
  0.92665016587959848  0.93730523351888584  0.94804398400216006  0.95859667071850196
  0.96892859469256465  0.97934699688229776  0.98956934512423711  1.00000000000000000
 -0.00228947205935362  0.01019237234022858  0.02080039055125147  0.03138911919593080
  0.04201803790592841  0.05244475371702867  0.06296857233597304  0.07342267059307787
  0.08386343833858007  0.09416771083895306  0.10458316215871556  0.11513204833280244
  0.12563964796718383  0.13614459884858010  0.14667858097430461  0.15735551140163212
  0.16779640890560152  0.17816135737674260  0.18861883579913474  0.19909481389781802
  0.20945353804112030  0.21978383079325384  0.23032466859763506  0.24112151192746911
  0.25170802979661616  0.26215307429311496  0.27264302024293230  0.28326249115169666
  0.29384363211202980  0.30440226949949373  0.31496034256936817  0.32556371393525219
  0.33608140130238678  0.34655518313844896  0.35698765759806173  0.36744833299356749
  0.37798816205286329  0.38862898080846553  0.39926909704922542  0.40989269877861262
  0.42057608427228177  0.43117791765056379  0.44174367565053657  0.45220513885844593
  0.46274530584091500  0.47331123252558188  0.48398755151738659  0.49467448463659880
  0.50527275276102657  0.51576682802096052  0.52648163911912205  0.53728807244791188
  0.54797958288619453  0.55844232875852895  0.56890139262167982  0.57951456577539817
  0.59012523534644878  0.60076948078893777  0.61126184791057259  0.62155473397611738
  0.63180583281497404  0.64203647316428636  0.65232998606986137  0.66262021134239069
  0.67288045916008477  0.68339440606512381  0.69431214099946137  0.70556523130456028
  0.71672023945804897  0.72775099403318411  0.73865851750553124  0.74943492703847736
  0.76004222308555514  0.77060336582086630  0.78104052491525600  0.79137232306980410
  0.80175726707019646  0.81226494382477421  0.82278393823602403  0.83331584809965087
  0.84361763758271646  0.85403092761732968  0.86445387553059638  0.87486524492702489
  0.88514456788995344  0.89532677408714556  0.90575543665447689  0.91627088482028118
  0.92672651257788807  0.93714407146453560  0.94756325766249816  0.95802123622299673
  0.96851625757738835  0.97893871867633386  0.98944711720018153  1.00000000000000000
 -0.00241875157119153  0.00919435962832564  0.01920525517486136  0.02940288263597913
  0.03974334494038981  0.05039075554295998  0.06097526724469346  0.07132055664405872
  0.08162813010220001  0.09227405860013241  0.10298062128421422  0.11332734279848479
  0.12356691590921838  0.13432909103790408  0.14484922358432625  0.15543494771645192
  0.16575021371145673  0.17648264132973718  0.18722547633964881  0.19789585832185960
  0.20858333221696129  0.21924516556374965  0.22970503703634243  0.24001541227829259
  0.25043698831410482  0.26114608365528869  0.27177719331789052  0.28237452153734488
  0.29310552734710021  0.30413529298552766  0.31501928375180005  0.32562749524634005
  0.33627915743763415  0.34711784894977854  0.35787155577603280  0.36844073050870524
  0.37874604274566148  0.38912672894403827  0.39953736498566689  0.40999650364472756
  0.42030004436012258  0.43081564508199088  0.44118585128115617  0.45176377299579107
  0.46228488939348117  0.47286645241810032  0.48352687927236798  0.49424300171220453
  0.50501721337168048  0.51563835552645931  0.52622879542775824  0.53691242519150562
  0.54749835855215268  0.55792120314247107  0.56839859959947314  0.57900459435564844
  0.58961059954061923  0.60026528132664125  0.61082608643598713  0.62135608337241932
  0.63165213691030864  0.64216913656077579  0.65292855496628710  0.66394977688141510
  0.67458870847143981  0.68494977653529254  0.69513434255261008  0.70530276791949365
  0.71553551493082923  0.72576036344345185  0.73619580319516809  0.74676117700745337
  0.75732495213326234  0.76769299828938398  0.77821010390222933  0.78876701409384165
  0.79945985648504692  0.81007538308490912  0.82058485774320822  0.83112557291956646
  0.84143071162721383  0.85180710223400435  0.86237754562702762  0.87285735246135066
  0.88350779410635161  0.89422014312464992  0.90502490218157072  0.91567102661293776
  0.92628323648430055  0.93703391947770698  0.94759896627554530  0.95800381454378580
  0.96847603300361551  0.97895216310043576  0.98942333301672636  1.00000000000000000
 -0.00210230558086559  0.00929400063375229  0.01913057917886609  0.02953981963803663
  0.04000217797817043  0.05059766720805867  0.06133068394410118  0.07194493290997096
  0.08253814532678724  0.09306593145244732  0.10348223509452968  0.11390996759881854
  0.12454544953998008  0.13541595532474102  0.14622288873829481  0.15719753587934893
  0.16818074998601870  0.17919882817853594  0.19015707676519308  0.20079724856933195
  0.21138481375415877  0.22178366140055225  0.23220602661466860  0.24245533716932918
  0.25277684598345512  0.26321681713094908  0.27356435753735847  0.28395506860432479
  0.29441128013923640  0.30499554746442969  0.31566384524000551  0.32655887600453298
  0.33736427413883940  0.34788329481936736  0.35839432415712585  0.36891529985140903
  0.37926108263786962  0.38952957473592137  0.39989069057162202  0.41046914750432167
  0.42097788829866806  0.43143331261548751  0.44186675908199147  0.45228633527889928
  0.46277318246949711  0.47346487538966703  0.48405383523065321  0.49453848643250004
  0.50515651865097622  0.51583130186905635  0.52644776718954056  0.53681736262580415
  0.54727613654507068  0.55780474250693424  0.56822254415887485  0.57853955361686660
  0.58890893754357165  0.59937412094634634  0.60984132541858116  0.62028626881714632
  0.63069694854913350  0.64123468714686793  0.65177750483354058  0.66244052849193835
  0.67316854914866209  0.68403715491065364  0.69469550187846951  0.70539168156583465
  0.71600560652968592  0.72663674183536886  0.73720254170737709  0.74762251129744084
  0.75817349647416110  0.76884451719695845  0.77972424472547719  0.79061271788228771
  0.80141949193636619  0.81208334173954522  0.82253337346575472  0.83303699308040846
  0.84343541130479627  0.85397258703200640  0.86444468603579716  0.87497833909604361
  0.88555561693332241  0.89587949260277344  0.90607770904204066  0.91627273457487424
  0.92678504056330702  0.93730225039845860  0.94779069043664155  0.95815182807574739
  0.96865023174377518  0.97912717265443394  0.98953432330814017  1.00000000000000000
   2.1659767343131124E-030  -1.0000000000000000     
 T F T F T F T F T F T F T F T F
