  0.49928435871953669  0.52142715837579945  0.53350752794920508  0.54259977974284124
  0.55010995638299998  0.55676595592688327  0.56284019561332843  0.56850008384758011
  0.57382699920441382  0.57888210874533119  0.58371579494507031  0.58835651597476346
  0.59282837702231472  0.59715136594583718  0.60135542980532841  0.60544747185527048
  0.60944044055573177  0.61335559445729082  0.61719920938074579  0.62098560113207391
  0.62471260859556432  0.62838804841831120  0.63202049928906068  0.63560926538028895
  0.63915400497917896  0.64265501291779314  0.64611998068597587  0.64955693431188233
  0.65297373877990572  0.65637024738818783  0.65973719411971654  0.66308073779504373
  0.66641633135885425  0.66974577341635899  0.67306571542939364  0.67635619508963296
  0.67963001040599103  0.68289122880386544  0.68615444029700601  0.68942063204528936
  0.69269051629652167  0.69596059647600506  0.69922853683227071  0.70249628184604407
  0.70576241463039957  0.70903084729824006  0.71230679170923150  0.71559307268048100
  0.71889215427210074  0.72220194010911043  0.72551499530780594  0.72884521852141881
  0.73218433080019341  0.73555044583696494  0.73892318909067400  0.74232036862174999
  0.74574612317718458  0.74920530643843497  0.75269509149552727  0.75620533054468508
  0.75974559206106418  0.76332256191285630  0.76693275281594808  0.77058346390635168
  0.77427345021635452  0.77800492772122376  0.78178181602950958  0.78560419891869449
  0.78948201677449015  0.79342642458851831  0.79743226054228133  0.80150979339497352
  0.80564145419564837  0.80985108665841188  0.81414064971757671  0.81852347919706259
  0.82300608135613385  0.82760227181325918  0.83232352022365863  0.83717815934198214
  0.84217856446024086  0.84733778427699757  0.85268357731479616  0.85825361687445112
  0.86408361652254873  0.87019822174762851  0.87662400219259040  0.88342714058030747
  0.89071191048185983  0.89860303895221194  0.90726602209751150  0.91696858586072505
  0.92806437586524004  0.94203919454946128  0.96175260771358062  1.00000000000000000
 -0.00224480482530870  0.00958722212014138  0.01966064509335467  0.03000109752860661
  0.04028057562895052  0.05073641929307587  0.06150766005478146  0.07224831216870527
  0.08298536891636885  0.09355949950140761  0.10428964099876108  0.11475302775181546
  0.12537056904635430  0.13600526620107267  0.14669868525707855  0.15703444429423463
  0.16737569366895280  0.17769457544892867  0.18813181302427556  0.19847106368123915
  0.20879536085682146  0.21922028980996466  0.22977071691031495  0.24043170725930862
  0.25112793636101616  0.26169956836771524  0.27233178830571264  0.28297031504197612
  0.29383905690138684  0.30471605800897555  0.31560703119641653  0.32643078101449180
  0.33722729043811173  0.34803210685766933  0.35873581601015775  0.36941375952789574
  0.37999189501085878  0.39039054520365296  0.40058594745152287  0.41062987900525078
  0.42077752316094030  0.43092961337672947  0.44118613248447480  0.45134153583105141
  0.46159838604685144  0.47194943701656472  0.48246495041887444  0.49311732182872059
  0.50384448023745676  0.51430917394072451  0.52492001634813290  0.53526617199326743
  0.54576606006981498  0.55597262834682781  0.56625246791906547  0.57662672029189543
  0.58687645578043079  0.59741214814830113  0.60796372862610615  0.61883875728155424
  0.62955250833530751  0.64022056555265650  0.65081673868676226  0.66137527098547755
  0.67195070722280414  0.68251441445118555  0.69303751683257953  0.70354802107850711
  0.71403863931230183  0.72474483161636882  0.73536954650422537  0.74595230548944857
  0.75636360764388233  0.76675041450279280  0.77705167383553730  0.78738212365226257
  0.79773137169589725  0.80812446065558097  0.81857286226488180  0.82900262267952085
  0.83948840679469738  0.85002455551499201  0.86065254841580519  0.87141935241102719
  0.88241542767474546  0.89343529055432014  0.90416627072009270  0.91457764928896201
  0.92503887650634997  0.93578570731303212  0.94641878124060952  0.95737071942930208
  0.96794054144688790  0.97879387038269738  0.98929661606515940  1.00000000000000000
 -0.00142093442647443  0.00998770209925147  0.01997634902372979  0.03068156055040944
  0.04112430030324851  0.05184333479886885  0.06229018092974239  0.07328131791052349
  0.08404464630575680  0.09479732426066857  0.10553255296927994  0.11649712463638771
  0.12731953623514808  0.13799172509373639  0.14858373012418677  0.15900514425591175
  0.16945575490003978  0.18001304227397066  0.19062650506167489  0.20121139703021948
  0.21166678996994642  0.22224923455510290  0.23265133554787870  0.24305666469447215
  0.25355954374470302  0.26429281797489174  0.27510488458071586  0.28593676089973963
  0.29655451600179150  0.30700355608931829  0.31728780561785452  0.32779969702203759
  0.33825500236458361  0.34858542933843023  0.35892464090627568  0.36927537659754167
  0.37975544048263504  0.39023802106927086  0.40081731915196311  0.41147785190733571
  0.42206141730216423  0.43250832138797241  0.44297134007201666  0.45341936436795166
  0.46398957160659826  0.47464803449038229  0.48552199226144088  0.49653138379304118
  0.50731799576456438  0.51815569395564298  0.52901028115747761  0.53995068136743696
  0.55063563939591331  0.56140409403867209  0.57203108419238191  0.58256601475426384
  0.59298791013703167  0.60338626299114395  0.61393277472008401  0.62438285458013343
  0.63483257539967708  0.64504659214880877  0.65549599426351879  0.66596281180476502
  0.67656463156118996  0.68702629254214320  0.69745334435759077  0.70794991525730389
  0.71828126754304578  0.72870189791148654  0.73904429895165968  0.74951366124231089
  0.75986163914573357  0.77040256890665804  0.78092995547782640  0.79156804202712017
  0.80215290690481322  0.81261651950935732  0.82302760643702044  0.83350676141518854
  0.84434591056722397  0.85524256554848921  0.86592708771959392  0.87659089485343267
  0.88699912278086535  0.89732474307982779  0.90747203186445324  0.91764704450746371
  0.92806200125687499  0.93837236693849924  0.94866071516386663  0.95872153144632910
  0.96908229140118263  0.97937885530768765  0.98975035201651340  1.00000000000000000
 -0.00235017104487030  0.00952600036824255  0.01954255872273938  0.02995255845714495
  0.04020409754000729  0.05048293136768492  0.06078712402453717  0.07117169576669771
  0.08165850632233457  0.09216273874417255  0.10267935286524311  0.11313696140521920
  0.12368636391117041  0.13434652976080538  0.14491678221024096  0.15554600433015672
  0.16612074690771672  0.17677745992419841  0.18726398130476643  0.19799104379080820
  0.20866822616522496  0.21941245377191504  0.23013536580221444  0.24081336145723237
  0.25149645327789460  0.26210346274184743  0.27267657502413190  0.28318974567290112
  0.29367867343396908  0.30407941026941843  0.31439762530033150  0.32453524211642915
  0.33483318930859723  0.34518611127282434  0.35574228883200854  0.36601718558140589
  0.37637028467681599  0.38674322256831373  0.39722254328601375  0.40795158206895066
  0.41887320465251843  0.43006017102411881  0.44090632390422685  0.45167802320615863
  0.46222188689410704  0.47286788015942971  0.48357248876676528  0.49443593235294536
  0.50489076364555874  0.51530837846204236  0.52578096527326834  0.53677055719913969
  0.54755039170314124  0.55839130088022404  0.56899651605661328  0.57958830985675081
  0.59009069989086449  0.60071680084376033  0.61137436913674659  0.62204079802495638
  0.63254725289356561  0.64311628628852335  0.65371348333474666  0.66428543170207088
  0.67496435467581450  0.68546752467354288  0.69604805761957700  0.70650337650426731
  0.71688936852493312  0.72725833879137591  0.73757723351950744  0.74778756256313306
  0.75800545261242169  0.76832853459486272  0.77890372752738324  0.78955117399177088
  0.80011018021053693  0.81061954147225523  0.82106071779965528  0.83151899809640573
  0.84193708113923471  0.85238671719891002  0.86283967867630940  0.87326349182333241
  0.88370961080897248  0.89430724302257414  0.90513034394476077  0.91593340509062582
  0.92649338612325904  0.93695668533315013  0.94739808479852028  0.95786245097237566
  0.96822746627852263  0.97869515777883664  0.98925589192107821  1.00000000000000000
 -0.00251872611088485  0.01002900513315734  0.02074973858250298  0.03161126725568170
  0.04236620856773562  0.05300225518012850  0.06359668315367341  0.07422289405389544
  0.08498184375685863  0.09562954431980739  0.10611524516702035  0.11653845134600899
  0.12708431485574648  0.13762387411611160  0.14787057588654343  0.15812641974825969
  0.16835598684166822  0.17853374611787112  0.18873086107352444  0.19909541815926907
  0.20956214851493235  0.21994083208792900  0.23035545965007656  0.24077383555033571
  0.25107016886555111  0.26130077238233568  0.27156060362189033  0.28206285650795754
  0.29270918598017331  0.30341261709879608  0.31422196934955576  0.32492976934762385
  0.33569711586538808  0.34666593253841921  0.35767834479747601  0.36860673746230849
  0.37907115065137381  0.38941344013221757  0.39986290000880353  0.41060466964101422
  0.42124111043791590  0.43181790667196174  0.44226952234087374  0.45256796241000752
  0.46281773330455350  0.47302865843101505  0.48354870783103654  0.49436077952723473
  0.50528091465873604  0.51621075081343559  0.52690696943850368  0.53754692584588293
  0.54792575832553525  0.55821405360524079  0.56858780728447567  0.57886740534758152
  0.58917269153200402  0.59947250607076408  0.60992548762347942  0.62045357098724430
  0.63100340567688862  0.64173397720876457  0.65262079061005418  0.66347366816202735
  0.67417365035349852  0.68478334903432914  0.69539010745226015  0.70595254861587808
  0.71640496475633342  0.72679312209073943  0.73720406417613937  0.74743083662857357
  0.75781099700359200  0.76805959369537569  0.77850553982141135  0.78892713293309491
  0.79958512930839487  0.81026189004943583  0.82092045223528709  0.83150520142080686
  0.84231596405391562  0.85308703297304500  0.86376014655168354  0.87425975650877397
  0.88476197490026864  0.89533638743783694  0.90586685664634636  0.91625338147216284
  0.92675362799185224  0.93718521147602596  0.94770620310144849  0.95835550888722154
  0.96888876517799061  0.97944171943526015  0.98972350218197103  1.00000000000000000
   2.1754453115771249E-030  -1.0000000000000000     
 T F T F T F T F T F T F T F T F
