 -0.00000026669523480  0.00005957633261461  0.00039036799482007  0.00106650218715879
  0.00209407052771618  0.00349134100367082  0.00517775843274250  0.00716755625820018
  0.00941228337121130  0.01184621604166690  0.01451415424297190  0.01740183341939654
  0.02049262861669169  0.02374306423514034  0.02728581352798532  0.03099134707301652
  0.03491078127510629  0.03894218483457893  0.04310350561655484  0.04736747723863551
  0.05170328530211826  0.05614763347933190  0.06062858441095711  0.06519081706796631
  0.06989318634683271  0.07469687464025479  0.07971016892248196  0.08487826125502745
  0.08998765073236679  0.09516518691653968  0.10057174653676997  0.10608072646387615
  0.11165192216366832  0.11737606829551739  0.12333224404862987  0.12917076050517479
  0.13499405951409615  0.14090930910837696  0.14694274938282278  0.15307247515176337
  0.15927988811173108  0.16556606903895979  0.17194278668808072  0.17858042138645075
  0.18526135206250507  0.19194120906076420  0.19858678708397701  0.20541160183862192
  0.21254521018726377  0.21988347155400512  0.22718470066040311  0.23437110114275805
  0.24155726167915398  0.24893346254504348  0.25653897565421185  0.26433927719949302
  0.27226128507654251  0.28023138882761689  0.28824144839327659  0.29623632682445639
  0.30463631603602009  0.31327429653673000  0.32211518092520025  0.33118092323003356
  0.34025267745120125  0.34939050751343609  0.35860300262540745  0.36821695638290980
  0.37823663020389436  0.38854444090751494  0.39921547507893390  0.40990574771577498
  0.42070181023755987  0.43153136154984706  0.44258200081416582  0.45411098211190121
  0.46599502310915969  0.47888871149871903  0.49203593766583881  0.50537983601224457
  0.51891544568051906  0.53274224664033398  0.54721376138282207  0.56228814468384658
  0.57940976481664130  0.59739819984271281  0.61582708178268386  0.63494099998967046
  0.65503004247544672  0.67965852921118708  0.70752746738594807  0.73891418749909987
  0.77422058529703053  0.82059127355442829  0.89158298130791913  1.00000000000000000
 -0.00181969456385514  0.01010621086001605  0.02057256107700920  0.03045618860483046
  0.04019371791607940  0.05015484337908691  0.06029892628628639  0.07048017417883669
  0.08099891374705476  0.09228397635130869  0.10364083222444269  0.11441788164308909
  0.12543694210820719  0.13646577616823102  0.14700810067122125  0.15735522832882598
  0.16792634746694340  0.17863087779971870  0.18890795129091723  0.19903331073900071
  0.20876508960401116  0.21824517492926321  0.22763746651086972  0.23749437838032691
  0.24740211026222794  0.25748257342336517  0.26774366624984136  0.27856952075668534
  0.28953397867546082  0.30051859087413396  0.31123439477999554  0.32188614687290812
  0.33250954704331109  0.34359056202158944  0.35416733306071280  0.36426503271508509
  0.37406988299498017  0.38452147969953288  0.39474299545792763  0.40644785638327446
  0.41827429178220210  0.43048607634799546  0.44178768545332975  0.45286060204259349
  0.46412832099044948  0.47488913619656364  0.48475898531710371  0.49435437921238728
  0.50462874269824887  0.51566891587443509  0.52652459460161627  0.53711104860442582
  0.54899426071361990  0.56151386677933557  0.57448947027194708  0.58698433188444199
  0.59906780686142214  0.61065015251441490  0.62144807369726618  0.63135709278682717
  0.64094563374745439  0.65077868767964209  0.66104155920164387  0.67162743320704765
  0.68249630892357305  0.69369808132952970  0.70468336902433804  0.71510048399927195
  0.72506488696038385  0.73464812579777505  0.74393219256619336  0.75320259053877725
  0.76266928312948490  0.77239061122608221  0.78208082470810358  0.79173939770661439
  0.80178200053404525  0.81193580708840263  0.82216050354366288  0.83236642354181056
  0.84284448367191622  0.85325658216668654  0.86308704357753618  0.87266969330048749
  0.88258102103272040  0.89267354930708975  0.90316532777969571  0.91327867302295529
  0.92314151525333765  0.93309411131788489  0.94324635774654941  0.95406594312267246
  0.96469684722452209  0.97595462372329644  0.98752080432179590  1.00000000000000000
 -0.00246967041226757  0.01013453590592591  0.02012584180566988  0.03097391526320459
  0.04189769663033856  0.05294509156380288  0.06330109509840326  0.07358292227236787
  0.08393140893766825  0.09437709796134758  0.10501898034554885  0.11621739100874133
  0.12748129432534427  0.13856226298410532  0.14983589409970388  0.16101516020075388
  0.17144836851910972  0.18152714084506660  0.19262423745304347  0.20447011659304454
  0.21621699392816093  0.22761946467157693  0.23887888181393127  0.24975299488343911
  0.25988385809804360  0.26966490508509128  0.27948563892833200  0.28953648708039420
  0.29993231886032984  0.31054013561764754  0.32132216526175877  0.33220653279019685
  0.34321055560926800  0.35441039019041115  0.36568729252081772  0.37700122770910494
  0.38841761847166606  0.39972670141461264  0.41066770546808423  0.42143720726688683
  0.43223788061464746  0.44313447518297239  0.45397836367538197  0.46503489694936856
  0.47589958199027738  0.48658269662378828  0.49701563910490437  0.50731670998117029
  0.51714717158201984  0.52657729102256146  0.53572122754008611  0.54518309620755767
  0.55498967291813162  0.56538200537878824  0.57612309422424646  0.58714759635473168
  0.59796162213459714  0.60868480852987306  0.61926991857641311  0.62967604834273427
  0.64003917524166265  0.65034848585580940  0.66103026795594533  0.67133589006030192
  0.68145055658099063  0.69163011724141399  0.70148834434001428  0.71128059965387747
  0.72083204154147706  0.73059609762383659  0.74087682227229212  0.75116633042625636
  0.76063587652524967  0.77033527993272244  0.78011058947282785  0.78973045728623181
  0.79916314321085957  0.80844205758319021  0.81799203293456102  0.82816482765966748
  0.83848289006770260  0.84910638808087024  0.85942189898801624  0.86993368616859745
  0.88127045217934241  0.89347566648306898  0.90519519317048391  0.91672632151140288
  0.92785744237543710  0.93903026170846127  0.94931046312968981  0.95939853477117298
  0.96959250183686707  0.97981935442311319  0.98993779756731481  1.00000000000000000
 -0.00219450580120787  0.00896552014526677  0.01805690209366843  0.02828479034885765
  0.03860760766054873  0.04924555163186718  0.05974277499456909  0.07008553290074070
  0.08023522241895903  0.09011598051249743  0.09994589099464907  0.10981378945726136
  0.11985386292164935  0.13036177460174003  0.14123127544366490  0.15189241705580492
  0.16240307527409717  0.17326604991872058  0.18447749234908095  0.19546236156923713
  0.20612381609843500  0.21716500620857207  0.22864171414768902  0.24031583534706569
  0.25168333659883330  0.26165247119436819  0.27216330589920867  0.28271959041229544
  0.29336578678938063  0.30361125504974035  0.31348890768188309  0.32336410875782567
  0.33288197188992630  0.34312815110950745  0.35327725636899682  0.36359263625183935
  0.37376380061392300  0.38377166522651879  0.39370128440453633  0.40359669696261841
  0.41352454305375519  0.42368720200486643  0.43339525208302221  0.44394908989616727
  0.45508677972285444  0.46568306396165399  0.47607940084875849  0.48744403444883666
  0.49940529836361836  0.51047815990649748  0.52111593050362814  0.53203731065694015
  0.54294141231966930  0.55329018661706209  0.56330083571887146  0.57345368826786147
  0.58363274344451266  0.59389012574212408  0.60404813311257688  0.61428728061550963
  0.62493066694891319  0.63594855552141272  0.64746981848912943  0.65879114210697509
  0.66962245630833428  0.68001059245326012  0.69053212167819811  0.70121717540889861
  0.71203700331566944  0.72254948663790874  0.73356590392256116  0.74477982491429129
  0.75584343366958218  0.76654112804398744  0.77714179147988161  0.78779225938769215
  0.79834228093390613  0.80886280155341450  0.81968118293711456  0.83070040507226495
  0.84168429504926556  0.85253579037017613  0.86307209242580174  0.87336937654565483
  0.88401219749940241  0.89465115425223651  0.90514068056488528  0.91565224789187993
  0.92604375068374067  0.93644400473242628  0.94667010388889483  0.95720093189273658
  0.96804481137272869  0.97912283905257080  0.98972701055192636  1.00000000000000000
 -0.00317978122677485  0.01124546017122097  0.02396543433034952  0.03576623218254765
  0.04722981898497237  0.05820079374844227  0.06812699268657474  0.07796686277339328
  0.08797229778097550  0.09813113208486897  0.10783356014580653  0.11759032149373644
  0.12752888032277321  0.13753621253003723  0.14730792646671345  0.15678058121389285
  0.16664545270314141  0.17708436548237283  0.18798366322224597  0.19900654229593923
  0.21028865281134443  0.22140895718371187  0.23249443085005544  0.24335030753925910
  0.25376294353729156  0.26367562728323896  0.27363150905003003  0.28385049673177293
  0.29404980036214229  0.30402848448144260  0.31421709185635333  0.32490395694755325
  0.33546102246138754  0.34580206360823246  0.35609599641565776  0.36687296629289246
  0.37747965274678857  0.38777428545755044  0.39832137259288886  0.40959664631088910
  0.42076456786570154  0.43119917596670682  0.44157281148917443  0.45237298233515527
  0.46335146367499325  0.47438608959108658  0.48516179321759811  0.49562769242175697
  0.50581408135288797  0.51610789134404733  0.52602439233813603  0.53578061948392941
  0.54537593010687624  0.55502976311282182  0.56463768230116329  0.57463390562691241
  0.58507895748517214  0.59602517992810378  0.60742053065186552  0.61783363533291180
  0.62806873530465857  0.63815576704842303  0.64829663930653225  0.65843472030561068
  0.66867428622181779  0.67901220253228123  0.68891788579314062  0.69847609133800026
  0.70803561728226050  0.71806499174442284  0.72798301152057954  0.73797044897304531
  0.74796453451948741  0.75862842793594254  0.76973609109545582  0.78046785547352959
  0.79091149153005047  0.80097993669932677  0.81107039877949916  0.82117571535508993
  0.83130474913374341  0.84172398115469149  0.85228302314883175  0.86273552809311826
  0.87355975373603589  0.88521247886547672  0.89747825751438137  0.90999832486890053
  0.92217208886218593  0.93387445518108425  0.94552300034021919  0.95675381641686486
  0.96807908538145460  0.97891666347620088  0.98956679351005705  1.00000000000000000
   2.2528906789467143E-022  -1.0000000000000000     
 T F T F T F T F T F T F T F T F
