  0.00034369968238511  0.00130742236792099  0.00234325196862915  0.00364651838014188
  0.00519165529922239  0.00696774937530563  0.00896602629524739  0.01116425318690346
  0.01354276199697665  0.01605981291333673  0.01875310426867753  0.02163834108940901
  0.02473017818544842  0.02802567700526543  0.03143514925693126  0.03502993011773071
  0.03875542202460490  0.04261681134350903  0.04655525664617396  0.05062372894780424
  0.05475265381364965  0.05892034076308272  0.06320705866422803  0.06771403449075462
  0.07238670180385810  0.07717879088150899  0.08208000143714736  0.08710936658171946
  0.09224911602050172  0.09750302637909516  0.10282861982137952  0.10812203490808150
  0.11339832864857000  0.11875687990040013  0.12425405418750697  0.12991545168859814
  0.13572137877673451  0.14160252508665724  0.14749578883770292  0.15357499255681312
  0.15973139564879077  0.16610565328427196  0.17275899053372579  0.17942450300023541
  0.18624708957369104  0.19310900088719896  0.19998803530302403  0.20688791553718858
  0.21376941394264368  0.22065336621310910  0.22762931243577317  0.23460438145442533
  0.24176075748760975  0.24910007407692855  0.25648605339826697  0.26399843567995390
  0.27165110003273601  0.27937560266658434  0.28719943214109295  0.29542502383232777
  0.30366845500682571  0.31217480380220852  0.32074883729435882  0.32927149356241592
  0.33794319739637069  0.34693722083807726  0.35607585349851173  0.36540285946376311
  0.37517851551371800  0.38527447536586584  0.39554736258950018  0.40599857834090197
  0.41675107888566487  0.42790798250385892  0.43951741952250367  0.45154977791946621
  0.46401732022107878  0.47680673307385912  0.48992934166230484  0.50347478784183530
  0.51708763168796235  0.53011861774909230  0.54580725904385274  0.56140240993523549
  0.57744644387072819  0.59479293651498111  0.61349950590240487  0.63284723221439798
  0.65433973131912482  0.67809771242581574  0.70443987922976614  0.73410995640335874
  0.76995878956552477  0.81447392404056007  0.88095844127980916  1.00000000000000000
 -0.00230980400848196  0.01070886119410991  0.02154287005937851  0.03295107213183739
  0.04415273925266589  0.05580955395808560  0.06699105926053713  0.07792340126367937
  0.08845474136020770  0.09904082814543283  0.10982662597823327  0.12083789111985385
  0.13147109581418293  0.14218034040404326  0.15248018102679084  0.16259637267629035
  0.17255103979045902  0.18229974015344166  0.19213039136735738  0.20212843651385196
  0.21233702601457910  0.22292897640904316  0.23310898634851657  0.24300225230576392
  0.25295057082728278  0.26323280590978271  0.27373522059824001  0.28375946809301461
  0.29388008961973749  0.30432535622233486  0.31480260161701656  0.32540495347828979
  0.33617980109623180  0.34727618606571237  0.35856314070301515  0.36996140066042665
  0.38123127561507036  0.39254042570275743  0.40409345860143170  0.41542863497447707
  0.42610973658090529  0.43652525641425100  0.44682848878998066  0.45734851563658646
  0.46790999350718393  0.47854823847826294  0.48896509612733458  0.49923727038627269
  0.50911445136518851  0.51905563134900401  0.52892049788929218  0.53897279746791660
  0.54894867390771163  0.55888332409513197  0.56907826979705056  0.57974077812111036
  0.59096120565982146  0.60225123627105104  0.61333943259368218  0.62435114238537970
  0.63584688188168381  0.64751397867250349  0.65908186616635345  0.67018684230892434
  0.68094676919524111  0.69145148180963578  0.70198161941426751  0.71272189694121935
  0.72370473128085433  0.73446809169685601  0.74485988433985717  0.75505608149522963
  0.76534823714212241  0.77602928322969023  0.78651685443103214  0.79712481410634639
  0.80768355828836602  0.81819186463880134  0.82880490472971846  0.83969422902903168
  0.85086524123400675  0.86174561348063161  0.87218223444018916  0.88188365307217143
  0.89157000775623652  0.90123873318098857  0.91154993873032819  0.92134384512199796
  0.93094744935888984  0.94046321842545588  0.95054660955439774  0.96043512301920553
  0.97007379096484736  0.98016677758156745  0.99017059104886063  1.00000000000000000
 -0.00222849087612288  0.00929321731431415  0.01906075807179198  0.02932814140846181
  0.03980401798446705  0.05065381172396929  0.06119502191862051  0.07183088195015014
  0.08281910149317361  0.09412584906207475  0.10503893350466958  0.11559078745325573
  0.12588556987879479  0.13611580287903569  0.14638033951889429  0.15687713288335300
  0.16758221344149477  0.17798151110957572  0.18806091726892932  0.19782850865390500
  0.20746653804166001  0.21765103737511424  0.22838846670027427  0.23950322110010203
  0.25048011568500728  0.26117179907318061  0.27147242604421756  0.28139857789192019
  0.29147755277939041  0.30204901652368521  0.31279572568141850  0.32333605798599480
  0.33397384960264515  0.34485380381048381  0.35536036196277898  0.36547586209992522
  0.37557369806200219  0.38567718433398368  0.39571770979432730  0.40588888534315598
  0.41608228453083596  0.42635825737326372  0.43651656392379923  0.44680594119396588
  0.45687019600945172  0.46727400274082198  0.47777980991081309  0.48904604327254725
  0.50017661048059203  0.51140633567853899  0.52300819364604212  0.53447431820050895
  0.54548725456372349  0.55632650500541547  0.56699609152714703  0.57815129016540134
  0.58893632259442064  0.59960306728454382  0.61028060855796551  0.62104555072365986
  0.63198901159171283  0.64259969739656209  0.65338628037990287  0.66438252602190140
  0.67597850722045794  0.68726651509505421  0.69822518002244871  0.70872664329253443
  0.71909728633920578  0.72958474717340682  0.74052576326752728  0.75159940637813083
  0.76235572214579261  0.77297530589106345  0.78352935952022384  0.79393821619186877
  0.80451920287193146  0.81491997582915565  0.82506986071548949  0.83500454660092149
  0.84486182842210744  0.85506603866344011  0.86548942509316984  0.87627602467394117
  0.88697770005287790  0.89722302686498068  0.90710923779362929  0.91694399852508057
  0.92695680913155432  0.93723229327483693  0.94777811603954842  0.95862870237542996
  0.96917960816254278  0.97935503269112856  0.98955026854305594  1.00000000000000000
 -0.00242235597556219  0.00966923842210286  0.01935873790371059  0.02949526845148772
  0.03957930964552812  0.04973197834240278  0.05957967783322216  0.06952962332606055
  0.07973172346648988  0.09041663866586060  0.10105320425426556  0.11156952755603536
  0.12169341670124022  0.13139636823526296  0.14117002828386738  0.15155347435420385
  0.16232133154887560  0.17322123632942346  0.18412106039927342  0.19516063206065543
  0.20613146774592767  0.21673077126945117  0.22707636807571385  0.23719288650773532
  0.24717981317928284  0.25731172039100919  0.26795138178518868  0.27895771709379513
  0.28991740989083292  0.30067943581424172  0.31135095345969682  0.32207200353468268
  0.33289414975102055  0.34387580443429155  0.35492724086161942  0.36594916459318860
  0.37676773372708411  0.38755446799081456  0.39830963939745084  0.40881491423940608
  0.41923745098915188  0.42972873949769519  0.44042126115576502  0.45098945544714752
  0.46163276381547613  0.47247939218563861  0.48321674376978507  0.49398262695560174
  0.50471729440292623  0.51546328546997755  0.52580947337412931  0.53587882420582134
  0.54632092590823322  0.55699225741868208  0.56772319147557648  0.57834686076304309
  0.58870118043635755  0.59915833351567926  0.60971683686107758  0.62015229676237682
  0.63057268616490847  0.64072681873445636  0.65117554298186586  0.66177575227142438
  0.67245869051116103  0.68328492678252539  0.69408901497945064  0.70445657587894550
  0.71472294482749621  0.72513616122030666  0.73621180974746903  0.74751330388395754
  0.75913338880891501  0.77093433999543204  0.78286514257536821  0.79428677800835890
  0.80521791549818866  0.81600100189375901  0.82703101917150390  0.83790514602729793
  0.84855934111492315  0.85906467868571001  0.86942801121342295  0.87938478643303530
  0.88909097535916570  0.89897430353423080  0.90933008113689662  0.91969566055563456
  0.92987051602657345  0.93988841929205391  0.95025059245325316  0.96052939400139026
  0.97088040282417953  0.98050560316764723  0.99041700704462099  1.00000000000000000
 -0.00233421452015994  0.00944968417747160  0.01940103037155685  0.02974851029589348
  0.04021189128382080  0.05080206722183632  0.06160243807648743  0.07243899449378344
  0.08333859369380375  0.09434776344332932  0.10518363473915100  0.11585748992204759
  0.12631480039010168  0.13656821906237304  0.14661539035370577  0.15672264495543783
  0.16739275461275205  0.17783833322006831  0.18867848438831963  0.19919809192246712
  0.20982495659130629  0.22028604647016473  0.23118523735990643  0.24182429042083672
  0.25211744366172373  0.26226645547765975  0.27249814057928862  0.28234889680819170
  0.29234784776468914  0.30276376713046255  0.31364565150875373  0.32414273928258097
  0.33434084413711601  0.34453462009844055  0.35494241165437218  0.36609834422790150
  0.37758374181649479  0.38888044504727098  0.39965370654102922  0.40999405082760454
  0.42015848536725675  0.43028283513826510  0.44061913170935912  0.45112660296060242
  0.46185456237731154  0.47277519315404770  0.48369158666574968  0.49442004216039570
  0.50502028953864120  0.51533046190099419  0.52556055296705195  0.53572250829196399
  0.54587883819504501  0.55598967760936213  0.56620800389950343  0.57701896223328319
  0.58811443093053306  0.59933899793415901  0.61057145155594239  0.62132009331037130
  0.63163302426332568  0.64170598474846141  0.65224266291442412  0.66280365489164628
  0.67336742279156048  0.68369969375999540  0.69427620933540335  0.70521970231241837
  0.71654022489283231  0.72778997909338417  0.73866665263369780  0.74910631202545885
  0.75927502736973762  0.76959897602045491  0.78014992812106343  0.79067428906612247
  0.80116099129148111  0.81171888242766932  0.82229812662346724  0.83256901550867646
  0.84271219488559290  0.85316319324855583  0.86321048348226681  0.87282919853573515
  0.88239974845560654  0.89232852621892178  0.90250156105632950  0.91297008646024347
  0.92352382208121098  0.93425059121201048  0.94466899613695576  0.95520011779993186
  0.96579940587364632  0.97661158735220976  0.98818479382853386  1.00000000000000000
   2.7314044539803138E-022  -1.0000000000000000     
 T T T F T T T F T T T F T T T F
