  0.87656943669547172  0.88976949599480126  0.89216002204406808  0.89418177406150290
  0.89591935567924108  0.89741677160613109  0.89876761184152554  0.90002482527388461
  0.90119753400864455  0.90228769999358116  0.90330751390188058  0.90427164985682928
  0.90522593115117300  0.90616431026742461  0.90704609380706214  0.90786547210858071
  0.90865076864979477  0.90943529249708288  0.91020944734320597  0.91096760549050337
  0.91171685094461496  0.91246150069215326  0.91320014391046744  0.91390938640519992
  0.91456936110449816  0.91521170968562771  0.91585682094360787  0.91650870308101262
  0.91715231887015702  0.91778750207698845  0.91841373649443192  0.91903924767950740
  0.91963885042594617  0.92022183119812417  0.92080489149701761  0.92138834123651692
  0.92196483274499663  0.92253277226716335  0.92310502578758535  0.92368688290081957
  0.92426661872392735  0.92483308781684115  0.92539724932121348  0.92596640111836148
  0.92653461191517950  0.92710272542716676  0.92765490957645769  0.92821152369640336
  0.92876587519440057  0.92931600171269246  0.92984924239047306  0.93038398034664249
  0.93091804324551919  0.93146674758263337  0.93201181038537595  0.93255091067172102
  0.93308536464765790  0.93362082238090904  0.93416369850013359  0.93471037346068464
  0.93525536189435876  0.93579795411129119  0.93633460929884405  0.93687065372397282
  0.93741455189277345  0.93795772615728568  0.93850842329762119  0.93906560654657445
  0.93961954390811231  0.94017005741850546  0.94070954944102980  0.94125197294616825
  0.94180536746040533  0.94238413357503314  0.94297276256431339  0.94356598807444014
  0.94416047772127532  0.94476485802570365  0.94538275365356950  0.94601624316279298
  0.94665561148434330  0.94729870725532928  0.94794114937740614  0.94858772862171237
  0.94925560642890650  0.94995529188644068  0.95068861316905162  0.95144307618903889
  0.95222048705291051  0.95302947418688533  0.95389383189650301  0.95483279143659650
  0.95588465609411377  0.95716723595089248  0.95833842112635270  1.00000000000000000
 -0.00216799537756386  0.00993216102966226  0.02010110277413003  0.03058382891449257
  0.04102855340583847  0.05144141535376891  0.06195274618253975  0.07258613648222471
  0.08306143487908099  0.09350561053619283  0.10385379366044471  0.11466459695482718
  0.12529377804068187  0.13605419873532335  0.14678929963508869  0.15753795097541010
  0.16812482519658481  0.17872911655807566  0.18936626694474168  0.20012870519659079
  0.21076775593095229  0.22121658332805982  0.23140012802372537  0.24136802761394055
  0.25150158471365502  0.26191784743329377  0.27245691986622483  0.28298916640196731
  0.29345784343498543  0.30400783584114749  0.31445125536601765  0.32475070412805385
  0.33490789208690630  0.34510097454065630  0.35531944634324364  0.36558860991351083
  0.37597562620979408  0.38672381231183028  0.39747636129090314  0.40816377422948658
  0.41869550083472495  0.42915322125258604  0.43949187852921295  0.44958349031289591
  0.45996883387648668  0.47057611322317611  0.48114400786394906  0.49180685586654083
  0.50249721899517352  0.51329182064256096  0.52391760128531850  0.53444666565368182
  0.54487392240417132  0.55509793847009681  0.56554586215624925  0.57614002868553826
  0.58697836652485880  0.59754847317727400  0.60825416252798326  0.61886536212828169
  0.62940772292217906  0.63990072176147728  0.65060751494439695  0.66125567058365231
  0.67180822940638918  0.68235970629054155  0.69311796877755782  0.70383446206433176
  0.71433859270695621  0.72487489951758100  0.73577809157279694  0.74678190254038024
  0.75778654405215218  0.76852831195394777  0.77938855939490315  0.79022808217517571
  0.80112027983804079  0.81186311667140643  0.82262168608882535  0.83334313596061604
  0.84387784962724455  0.85421753530545974  0.86451369191593275  0.87481381806043035
  0.88507207223388751  0.89535682631774882  0.90611340455074352  0.91698561455692484
  0.92776693874556626  0.93804522859600536  0.94819346455408915  0.95846526651300445
  0.96867440278329575  0.97930422049984345  0.98950111758114168  1.00000000000000000
 -0.00224558276265792  0.00957341332608044  0.02004560247709617  0.03055401605003861
  0.04115408646076670  0.05166863887447727  0.06231999412160918  0.07319721385294177
  0.08425212794799503  0.09510006715324856  0.10573412324900970  0.11619851545843009
  0.12657935681837787  0.13690358507741363  0.14735603092569449  0.15802387819164426
  0.16880124793395052  0.17964766916367286  0.19060166655209626  0.20146177566549459
  0.21214347274207712  0.22287795567140592  0.23377214849991168  0.24464095337519970
  0.25563926303674450  0.26686126801702525  0.27799773773759767  0.28891461823194742
  0.29985845986172766  0.31073739998172212  0.32132247768982558  0.33185355466735056
  0.34220512356619720  0.35284992786942038  0.36320246243669124  0.37363472542244081
  0.38388558144097079  0.39426275574215636  0.40510176234878015  0.41585702162675825
  0.42632706999486375  0.43696753762646484  0.44779626648479959  0.45903331268333314
  0.46987205299234708  0.48077792474847775  0.49121718947895221  0.50178521849116664
  0.51247278157435916  0.52321589470066721  0.53344338775945266  0.54341016667749686
  0.55343130961590103  0.56378848212840049  0.57415852583238458  0.58438158368719462
  0.59449521311402820  0.60490904457292971  0.61540530930280568  0.62613815482429647
  0.63651486224783804  0.64672728634767529  0.65667807161892244  0.66653901206155231
  0.67681754777147485  0.68744985496287081  0.69838946508275312  0.70935144596318334
  0.72027579094914507  0.73082645147281267  0.74100245856941449  0.75131829926208005
  0.76212251546013521  0.77302209693574653  0.78348251622873666  0.79418738673482336
  0.80472460212943009  0.81493989607311224  0.82462068004733224  0.83439366284761052
  0.84472373090051267  0.85509811535941560  0.86556375420801235  0.87593152505404748
  0.88636245974176764  0.89676720089206530  0.90715279860385212  0.91741987421106230
  0.92788498793743579  0.93812278776400504  0.94871774313414836  0.95908970749353095
  0.96936978210701918  0.97955387344187772  0.98970662607375492  1.00000000000000000
 -0.00219833214079681  0.00947205677445074  0.01930784674210233  0.02974604423541714
  0.04024245701235114  0.05100610537929180  0.06162333898185682  0.07253321576163106
  0.08357624347478054  0.09435247458344713  0.10506019397179785  0.11563887582857407
  0.12637627549320760  0.13706226735199675  0.14774162213444231  0.15891087818253441
  0.17002131274726437  0.18070896482166729  0.19130079215882542  0.20194198511241127
  0.21277476854333446  0.22345131977092622  0.23383136010171912  0.24414879416805502
  0.25426240256507776  0.26471848419160354  0.27549971560907710  0.28657568144782886
  0.29758056664598426  0.30839994174817520  0.31936261920570996  0.33052441665776983
  0.34166247294173596  0.35253829403568171  0.36332166914641789  0.37387254469524672
  0.38405873053414752  0.39429582116851047  0.40469249285860198  0.41499709624825598
  0.42536224801876454  0.43561138334584754  0.44615710075918236  0.45653632678156680
  0.46704317059207801  0.47750540683127096  0.48798655585597173  0.49849700504574268
  0.50907574243201947  0.51971898924298121  0.53055974409038276  0.54156470647075405
  0.55241422982665600  0.56299840175411764  0.57357229854165126  0.58397349222981454
  0.59434169511841295  0.60439991966259299  0.61467496082884754  0.62499611147132883
  0.63535516995808283  0.64573640270864174  0.65610683206251152  0.66651831822636909
  0.67688926093303159  0.68744132379224332  0.69822754913644769  0.70901668850956612
  0.71974210643763548  0.73035911651963192  0.74137461314162045  0.75210251439749443
  0.76251057462229732  0.77270696832316443  0.78312347087213652  0.79358942694602264
  0.80376924631736768  0.81429237189298465  0.82507089469487127  0.83617532179366005
  0.84673172734117619  0.85746358226028685  0.86801762470226596  0.87816580311636605
  0.88776890476350812  0.89739264513685058  0.90768102677520868  0.91816297199473007
  0.92860536866250776  0.93873653864471263  0.94912644802807689  0.95951840665100951
  0.96982907694636555  0.97979440276456897  0.98989681705679033  1.00000000000000000
 -0.00176336865857942  0.00956890231675804  0.01964457115809441  0.02997713659168101
  0.04058878774267157  0.05092370253995756  0.06114903212979157  0.07142676436475041
  0.08166250462613199  0.09190717991338851  0.10219157713158417  0.11244457535160524
  0.12302954703670695  0.13365467493659713  0.14422438926133382  0.15478643486066410
  0.16526895874705641  0.17599367066943070  0.18668782151613547  0.19742162691879250
  0.20819289889676718  0.21900612961646432  0.22949974995545719  0.23987076875227697
  0.24993221934487136  0.26000146131284246  0.27000565617106381  0.28006377558353912
  0.28996626127301245  0.30009442144884241  0.31019600472330994  0.32070054593507685
  0.33118420352547018  0.34174284865610816  0.35230498002249327  0.36296731682768602
  0.37361738259210481  0.38402488948076358  0.39411256219084023  0.40417808705219110
  0.41464252265128720  0.42538752531357349  0.43640941593053290  0.44719795759367348
  0.45781905659198252  0.46826930147242674  0.47869683884477537  0.48920226893666102
  0.49984152524727438  0.51054882338570717  0.52141715038325609  0.53189840320079163
  0.54240677790274516  0.55276573487974845  0.56335955635806645  0.57389641402760250
  0.58452483213935902  0.59498523117281898  0.60560693382540998  0.61609869484393232
  0.62648791221117772  0.63692592689597960  0.64751168994152664  0.65845410585831210
  0.66909566027434864  0.67970886964059596  0.69043025371097788  0.70112006964970908
  0.71183997841422797  0.72234615740371499  0.73279893672578034  0.74343964069653612
  0.75412495507645505  0.76512129005189145  0.77605727790517742  0.78706943176749233
  0.79811949265575799  0.80911624588572217  0.81990627943225014  0.83063446573419508
  0.84135932153820792  0.85238915570773055  0.86320135230983519  0.87402870507415931
  0.88465748698578883  0.89513530315759426  0.90559359325247102  0.91599724594235021
  0.92639465772057772  0.93688793741342224  0.94750072968130672  0.95818359701036582
  0.96869559994167309  0.97916052936038656  0.98970550241295929  1.00000000000000000
   3.3781184230511394E-031  -1.0000000000000000     
 T T T T T T T T T T T T T T T T
