 -0.00005452827807186  0.00433638995351612  0.01232985000889423  0.02105967210403666
  0.02987248212652348  0.03854249015101872  0.04703197880870953  0.05537614699906252
  0.06354880770815730  0.07160263674482524  0.07954024709164678  0.08730470787958396
  0.09495686312631561  0.10239399273086972  0.10981457987898530  0.11712639791177547
  0.12445231337879543  0.13166722288156435  0.13886169253575362  0.14596024537850089
  0.15295197140938116  0.15997654432351471  0.16692442837831792  0.17376605519538074
  0.18059512030805119  0.18744700334340800  0.19420580008068405  0.20085636299829274
  0.20756781363712606  0.21432933214649130  0.22110066601359943  0.22780859651319912
  0.23447251198066735  0.24116191204932363  0.24788349759082326  0.25451536738650377
  0.26110325054568967  0.26771856968324065  0.27442306484098261  0.28124510449091517
  0.28813901131682329  0.29500470659796335  0.30183319673184816  0.30855559491367585
  0.31540867067168288  0.32233435663347904  0.32931848840976119  0.33625872131849782
  0.34311372188438805  0.34994925210633188  0.35680395269469095  0.36363661217829024
  0.37088030650724257  0.37819687301604538  0.38550601916361332  0.39284149022527887
  0.40021567962609822  0.40758061611438096  0.41495032780107505  0.42261979199734040
  0.43039194913880952  0.43822304116043748  0.44609639816354590  0.45400270025228429
  0.46194027189120984  0.46992622415475976  0.47787062107627876  0.48620973213414631
  0.49486161911239102  0.50369583325218847  0.51263402824596260  0.52165523157995075
  0.53075053296313646  0.54016002404297081  0.54956873737748069  0.55905676999696541
  0.56944970058901889  0.58052108634024757  0.59150840632117752  0.60261215243591026
  0.61411564485601788  0.62575315150901212  0.63771217235231947  0.65058223474471899
  0.66461528731944419  0.67960117449893875  0.69513858908842174  0.71124375785872573
  0.72770551254755023  0.74675478366969794  0.76884154460823051  0.79467945382266747
  0.82396898294556298  0.86076731047613408  0.91622142944894724  1.00000000000000000
 -0.00133896315757694  0.01111834346583410  0.02215723978642650  0.03284419398024242
  0.04306671013285562  0.05299601875102811  0.06300618968321010  0.07295493781461895
  0.08307844015850228  0.09325579276869841  0.10396631264441632  0.11531796592021536
  0.12645054257604613  0.13715766411180261  0.14784058757481328  0.15861955293256921
  0.16934139835819198  0.17992495123346086  0.19043679754167361  0.20092165201739950
  0.21154822702738577  0.22249437773353772  0.23324384126733777  0.24379286573291203
  0.25433847056456105  0.26483121483920308  0.27510429596935682  0.28506682459103183
  0.29510220337710497  0.30538293463294053  0.31573677524678406  0.32590663801460029
  0.33613405989100487  0.34639302705775810  0.35651872595902606  0.36668211312158061
  0.37707583957777180  0.38767267543214223  0.39818725383859022  0.40853614250134590
  0.41891869667249720  0.42948968882581451  0.44011375428076271  0.45061702712609347
  0.46097417500850729  0.47121189423010951  0.48130666833791030  0.49123320177464802
  0.50112742347023742  0.51110019836023513  0.52112953015309316  0.53107258816744651
  0.54103433808631030  0.55120215811090512  0.56155312953706560  0.57199761504790114
  0.58262110732486594  0.59417985102623205  0.60613593687558454  0.61810269768794424
  0.62961490697521683  0.64099090788672275  0.65253432739017891  0.66424279022404908
  0.67606499900635708  0.68805322339335573  0.70025928863778364  0.71252997360576276
  0.72460511371269121  0.73642839430853668  0.74775388124669628  0.75852999481149108
  0.76903048135849983  0.77929075377105694  0.78930270908241573  0.79917554028612992
  0.80912836687530731  0.81905829602680813  0.82883951757199759  0.83864303327758738
  0.84851652405766598  0.85876198724327202  0.86911068651321854  0.87891444243457084
  0.88852799424071294  0.89831010920365983  0.90832346228871419  0.91792370166707726
  0.92725419605426485  0.93669018241500757  0.94701777995997338  0.95763348510121227
  0.96834725325657112  0.97872791068647880  0.98930455346131996  1.00000000000000000
 -0.00231566736505874  0.00977203284912377  0.02015161107421987  0.03023049380940187
  0.04034168589906204  0.04975687785224643  0.05934383556437894  0.06889448411903396
  0.07838475038786513  0.08803551941204531  0.09791140418483019  0.10773029573650959
  0.11833397131681728  0.12884312345405802  0.14019671250216342  0.15146131094773416
  0.16255153511293505  0.17331656123485048  0.18432204217521672  0.19555539301851099
  0.20652364783332183  0.21709191757282728  0.22735229677990718  0.23716674192994550
  0.24663958890264451  0.25632595933079211  0.26611317153235886  0.27655751713808535
  0.28724096912171437  0.29788351278713326  0.30839438388858076  0.31932970226585755
  0.33028086489186631  0.34040511090404035  0.35007605356773935  0.36006397256591854
  0.37052924565656270  0.38063759047005408  0.39044305941145419  0.40030786507033195
  0.41045065783549856  0.42094827536569290  0.43154376475685757  0.44202731231310344
  0.45231306690734596  0.46292373911357149  0.47356735452790005  0.48417488212255716
  0.49462482789046391  0.50536893737499233  0.51677119743393674  0.52818989436348718
  0.53949211484389137  0.55075145573274809  0.56160244337084064  0.57248632792983845
  0.58310749848878385  0.59386476159191459  0.60461041014860251  0.61561481160533893
  0.62706791511936433  0.63910071997649109  0.65122142893110257  0.66312434872749770
  0.67449109478986313  0.68546441280750681  0.69632825824177647  0.70712197528877752
  0.71777709332281092  0.72836048333389103  0.73872599885040202  0.74902203776031140
  0.75955278474853538  0.77000187146830046  0.78094920853373784  0.79215631706415313
  0.80393767639337965  0.81553076847055894  0.82654211194509830  0.83702815267457509
  0.84748129575022046  0.85768679442847218  0.86779263952450858  0.87766499794025110
  0.88745779129790758  0.89715211841364040  0.90679883333044276  0.91615980314585654
  0.92650776719238137  0.93675740605349633  0.94795596696538353  0.95923523481608863
  0.96942962135084731  0.97992058197846776  0.98983767333707251  1.00000000000000000
 -0.00234184845866163  0.00926308882366606  0.01972984032224010  0.03122157589806768
  0.04272017866540841  0.05367922367942193  0.06448510184080049  0.07534130569805574
  0.08597822945286160  0.09628276769293331  0.10643796777043286  0.11633600996814478
  0.12626986969417409  0.13645403319762825  0.14692352621446944  0.15749836486580632
  0.16830431296617376  0.17946462497618010  0.19063025799290492  0.20138559095708095
  0.21183381216155861  0.22195693514416268  0.23201452230106384  0.24188110147919856
  0.25196451962168831  0.26159665967418538  0.27124839205762857  0.28119816560585587
  0.29155224132642105  0.30197567915718698  0.31218491129228476  0.32279777451562081
  0.33361006737995791  0.34412217598247052  0.35441561133523847  0.36474443459100553
  0.37513251242937562  0.38536333642669368  0.39554635422386603  0.40572476927596218
  0.41580303271128605  0.42573912881639725  0.43560414198177783  0.44569760288791666
  0.45593007884880649  0.46628529648689521  0.47677448639366410  0.48753857648942805
  0.49842281775617892  0.50888421926870819  0.51911063737263197  0.52929965693912528
  0.53922347222721023  0.54904307407166864  0.55899169458222542  0.56906160103875936
  0.57912333124724946  0.58909214549798028  0.59898324770956035  0.60867321335523683
  0.61819264261706319  0.62790045702295416  0.63799685267283135  0.64849555987919849
  0.65955645515916672  0.67092999877452864  0.68258013564287534  0.69418612860926943
  0.70539898224580466  0.71618467405301822  0.72679959122384274  0.73749943088360226
  0.74813829972156953  0.75841663537653881  0.76858330111689011  0.77899841580154539
  0.78995465950465227  0.80135647079447125  0.81291019688933952  0.82453405634164867
  0.83600165430722750  0.84724215394912794  0.85811376006744688  0.86815475196309544
  0.87832828919500849  0.88897886584896224  0.89973082244729341  0.91072724144979345
  0.92172958385462245  0.93294323187014638  0.94383365719302692  0.95437590227151525
  0.96525522311164036  0.97626452933255625  0.98795681436812210  1.00000000000000000
 -0.00238575926627300  0.01029721894440948  0.02131917965721993  0.03205451729341243
  0.04277319027939025  0.05302383355917867  0.06330306221097760  0.07327989726894907
  0.08358563456434778  0.09395633810801964  0.10424642057112310  0.11435745671862430
  0.12420395609143184  0.13453771955966817  0.14455785775918700  0.15543621495971952
  0.16656752087087995  0.17843289719723751  0.19002317913038980  0.20113426894605557
  0.21220102168696667  0.22304777175190774  0.23349880043794949  0.24353587081681613
  0.25339900497005374  0.26351077277023116  0.27345129559884723  0.28324250437272946
  0.29305812739337861  0.30303352399283734  0.31293207792227568  0.32256359480547403
  0.33211944381828601  0.34236943119625352  0.35262398949298823  0.36296604637061364
  0.37331317592839125  0.38362367009670684  0.39387889674352172  0.40370201489331092
  0.41320734171361989  0.42289408978804521  0.43260661837719633  0.44264663644779084
  0.45300673178538309  0.46365234429796393  0.47451903388885697  0.48567500274254749
  0.49720077876696334  0.50862242715141359  0.51983608070939724  0.53119066809228943
  0.54240952120871710  0.55286091770438572  0.56332450560797254  0.57437742071560394
  0.58510095851967403  0.59493917837233246  0.60486809198861546  0.61552387771678840
  0.62602514577922341  0.63565893277836538  0.64545687880203950  0.65615319381483450
  0.66687624067396489  0.67729438581373769  0.68765764971167220  0.69824577383270348
  0.70888874338581798  0.71991882927534712  0.73071913068600114  0.74148452049122926
  0.75243741704650202  0.76352306942454373  0.77428364779653502  0.78460485015148485
  0.79505864214112998  0.80571808671580480  0.81646504065623204  0.82756523310981556
  0.83875207538025531  0.85080292125801893  0.86244484817570632  0.87400320667964926
  0.88398512052890610  0.89446684804648391  0.90458696092780921  0.91493575906623192
  0.92522078175006217  0.93559116527779995  0.94603114875016292  0.95669310150404119
  0.96746599262004884  0.97850531546693642  0.98924449167050754  1.00000000000000000
   1.7191465425553597E-033  -1.0000000000000000     
 T T T T F F F F T T T T F F F F
