  0.00000058607431385  0.00013174848132798  0.00053403919096395  0.00125731553355077
  0.00230971823114481  0.00360401210336441  0.00524354317402394  0.00713372232670376
  0.00927551795458843  0.01163704006582728  0.01424354034261166  0.01704195133727765
  0.01999079042351398  0.02303490609667077  0.02621035578418143  0.02960631251304909
  0.03318464864360429  0.03694375707373896  0.04088558432255424  0.04491145919346009
  0.04906055076881465  0.05338171955055496  0.05789190508879172  0.06254405139218927
  0.06729160316242454  0.07221388798864489  0.07721009747969181  0.08235276299377746
  0.08752071516221260  0.09275671059071797  0.09799958617543093  0.10328282498006137
  0.10871768365692304  0.11407297714675740  0.11980637018468071  0.12554160904316533
  0.13129512311697739  0.13730556837717456  0.14344483229133553  0.14965004875841845
  0.15588240144760376  0.16213936100197895  0.16841101504105760  0.17472167973589281
  0.18122745397746351  0.18786258308761561  0.19455190943868397  0.20116527739056100
  0.20814647911268186  0.21531796317368823  0.22246533276796882  0.22958071710530514
  0.23680167081481812  0.24422684113227280  0.25184016216110100  0.25937831866063871
  0.26707667709997801  0.27496457946219033  0.28308687880485844  0.29142171511394099
  0.29963945253436419  0.30801375641043172  0.31656905842077382  0.32541142385700417
  0.33444287822065499  0.34349474450205686  0.35253254159735803  0.36211883442988269
  0.37199978817823204  0.38229788809837839  0.39275151275730130  0.40314849878436287
  0.41372181192849289  0.42440503536054525  0.43637055419852810  0.44857928745634862
  0.46071136184253902  0.47288961040195376  0.48582694752439082  0.49932230383293136
  0.51342323237797938  0.52797872736847984  0.54295490470022179  0.55852599207367959
  0.57470778343744211  0.59219889559465022  0.61044221356096517  0.62919006769083574
  0.64969180761510492  0.67440305042456317  0.70042416286809739  0.73010135106824958
  0.76622739465638023  0.81486390577465240  0.88810526847868798  1.00000000000000000
 -0.00211289627779282  0.01003100447894209  0.02014803662826036  0.03121075708282657
  0.04229185187760024  0.05312716408811070  0.06390034062799621  0.07526347224611535
  0.08658516178463463  0.09751080733331843  0.10806962704923599  0.11852034916943391
  0.12892479380706226  0.13921007489453749  0.14923084228686873  0.15916176469499335
  0.16890750929275444  0.17896421387573103  0.18913120168256309  0.19962836297118713
  0.21009354691413526  0.22046314568225328  0.23112809988753588  0.24150742538607317
  0.25178233320878712  0.26204570873822097  0.27270069678999365  0.28346561782829133
  0.29384837104375078  0.30408499968777902  0.31458692010692041  0.32518566960098721
  0.33573733901998565  0.34616454498336163  0.35634466420010935  0.36640957208721286
  0.37601216337287635  0.38595698661092948  0.39617540793014683  0.40659863547808256
  0.41703321655440834  0.42680894713113243  0.43629540150402435  0.44634167033042871
  0.45651608868257304  0.46771232899036619  0.47911017054619243  0.49059753178545384
  0.50166471804950885  0.51229301544471417  0.52304581801826966  0.53404627468207000
  0.54538376283284296  0.55655137041780733  0.56738102911403177  0.57782034320478137
  0.58830553924387452  0.59908068291656946  0.61021918431435040  0.62125928844135747
  0.63199684555312241  0.64274184841334614  0.65341151742259984  0.66401145307038445
  0.67484980621489321  0.68572373074266113  0.69644368008931812  0.70692515429522251
  0.71728170605713237  0.72772245166829663  0.73832753320159006  0.74880925999863812
  0.75939955639536216  0.76991256530496255  0.78069206886904374  0.79141587904175081
  0.80182882356866891  0.81175883387586745  0.82181172470582609  0.83142320728656371
  0.84155060781954683  0.85177761945987529  0.86276661397071230  0.87437975556400693
  0.88606325032142530  0.89811213202407381  0.90977105304366557  0.92065778316933033
  0.93053974365789582  0.94011048964010824  0.94962821182915991  0.95926375389183904
  0.96941009495638730  0.97935634510469538  0.98992017468636340  1.00000000000000000
 -0.00221334187523997  0.00939768079086649  0.01957385994827188  0.02958378723817224
  0.03961615547878266  0.04968730865949287  0.05979106378606878  0.07005303124623760
  0.08038914607431895  0.09060351530882985  0.10114765739247457  0.11186325704373765
  0.12240105849193976  0.13239099215856820  0.14201297622522949  0.15140065935580796
  0.16074387103368443  0.17047248803710013  0.18042600072230469  0.19041560135392777
  0.20042570904102025  0.21077342760468024  0.22167866062705849  0.23265595643041315
  0.24354990241973401  0.25475099162610404  0.26603517948647165  0.27703080058638246
  0.28758981068803441  0.29771991898517697  0.30774592571541837  0.31797812516735385
  0.32852015802900242  0.33923864448183877  0.34998101384046776  0.36085957917101863
  0.37212483180799921  0.38392635963725280  0.39596975898654463  0.40780691682478160
  0.41924346509744986  0.43034644151286439  0.44151953349847495  0.45253373681361797
  0.46376189083897079  0.47515156312697854  0.48667399734247929  0.49816767552698415
  0.50937400567813595  0.52089430678875459  0.53227886149500470  0.54354846830740322
  0.55478561245539426  0.56642804965519833  0.57823068103548869  0.58936324121709793
  0.59998547804724023  0.61044526454212955  0.62094671605373197  0.63153246351629932
  0.64233799652045953  0.65299548577387567  0.66366806283375734  0.67402841594459750
  0.68463430179811779  0.69497917370801598  0.70510882840031008  0.71537626404483246
  0.72610073509183604  0.73662775009943393  0.74680232572508332  0.75692371332291042
  0.76702648616824454  0.77694667147129415  0.78660277022744773  0.79645286265025350
  0.80657781003771623  0.81670576862681510  0.82653089212969610  0.83641675119005610
  0.84657237180466605  0.85677894937779919  0.86694568644797110  0.87672715452048500
  0.88641227970398351  0.89653173000865138  0.90735397282097996  0.91793277733511780
  0.92782133994211147  0.93725112390723730  0.94692958552754869  0.95635318695094862
  0.96671704138140901  0.97730403905959373  0.98861861864907863  1.00000000000000000
 -0.00236337409987836  0.01011922837008717  0.02006183134201585  0.03055583500810182
  0.04056764970983549  0.05074674194352469  0.06058750969681296  0.07032121573788734
  0.08006618217747198  0.09048375308287911  0.10113559611484824  0.11162870851684198
  0.12197600322578883  0.13284569599549545  0.14447719660116759  0.15574568708950010
  0.16650559809806090  0.17633307923123381  0.18579943674495453  0.19530197526773968
  0.20501892013115441  0.21494428813769800  0.22508643959962857  0.23577009991653380
  0.24685325651816456  0.25766511270925369  0.26816852115419204  0.27880944542348146
  0.28957128351247358  0.30033664309555436  0.31102639092395418  0.32138759867177735
  0.33155402479275647  0.34151449326249406  0.35135099405654158  0.36114255543044449
  0.37123864225463976  0.38154660819023445  0.39154804387046921  0.40118513491792640
  0.41087036654119613  0.42059666035728049  0.43039321902161587  0.44057667041935272
  0.45140471888602829  0.46231546538612778  0.47279630141999945  0.48308129408562273
  0.49337165554074941  0.50377519688071770  0.51419246827133502  0.52460080127942976
  0.53481146489774689  0.54495715667823763  0.55538738395934173  0.56608686909049677
  0.57709425191511521  0.58858474897272572  0.60070723722960184  0.61325858992334070
  0.62566419542867568  0.63762330616013363  0.64910739393010397  0.66000222389057905
  0.67052406735533421  0.68015751482887987  0.68986549868941571  0.69954319306453039
  0.70935261891823420  0.71902634233673224  0.72874576134938263  0.73894761251313157
  0.74936390543246867  0.76022804246180931  0.77160260731369990  0.78321062964406318
  0.79446511918595331  0.80493698621426735  0.81546475326771350  0.82619456911573963
  0.83625991819497369  0.84585556516103744  0.85590454710389940  0.86678724799522655
  0.87790569554476683  0.88868942404890638  0.89974369213153238  0.91133558792517666
  0.92298832086097837  0.93422722883713583  0.94522273813584812  0.95576364892297261
  0.96699388191904545  0.97843214000036882  0.98929695692247743  1.00000000000000000
 -0.00198091243502667  0.00910985509182787  0.01884452601811176  0.02845661518748295
  0.03772180810154409  0.04729164500662171  0.05737720239385104  0.06749186324191339
  0.07824818642164076  0.08952740405928734  0.10141327738231089  0.11159893387718395
  0.12149596658014224  0.13149196683697806  0.14156498221457664  0.15136959079592829
  0.16085621279067741  0.17093883912686852  0.18167050549375191  0.19220731905517532
  0.20238585404747075  0.21292447361602487  0.22360335125143241  0.23402000779880805
  0.24410289221009168  0.25418756481187865  0.26432787065194219  0.27459135357798903
  0.28481314276068820  0.29464786851377517  0.30436515015803034  0.31436675758861032
  0.32461274155067910  0.33500545720514630  0.34540935661890282  0.35596064723105597
  0.36681364507824737  0.37756667862406834  0.38833223794978150  0.39934952166332743
  0.41053602808164830  0.42150022514855845  0.43232959586577058  0.44301958693948618
  0.45370294607140460  0.46408781492705498  0.47468036014442122  0.48566773424761034
  0.49702660896482337  0.50833331490627054  0.51919632827732864  0.52997294675851425
  0.54071594963707159  0.55198905330939108  0.56375575560907598  0.57575444636520212
  0.58727237853160086  0.59775466842873659  0.60848972737694562  0.61955669290779303
  0.63045052901512777  0.64059119312653001  0.65095254583465623  0.66152443951600326
  0.67265010233223510  0.68332345761847157  0.69404834617587841  0.70437093388160965
  0.71441973180227503  0.72393780419787823  0.73358844195007411  0.74340828206061205
  0.75349263686066070  0.76384532833739849  0.77439098672198126  0.78478709294639515
  0.79480933004592003  0.80444971261958242  0.81415714643194281  0.82397056817861236
  0.83407641115567055  0.84507408901324110  0.85667903393917655  0.86904529057411783
  0.88107252105169209  0.89278064358611686  0.90421330769915365  0.91534588983466314
  0.92523756100636090  0.93522788786506506  0.94596112033626434  0.95718427910501946
  0.96780069886575137  0.97797902391297564  0.98868635850756448  1.00000000000000000
   1.0076755864720105E-021  -1.0000000000000000     
 T T T T F F F F T T T T F F F F
