 -0.00004268560332299  0.00423274792340476  0.01244669429897920  0.02130973371241674
  0.03019167296654424  0.03897314161078284  0.04760909336414042  0.05594311069837225
  0.06418407262792515  0.07215839464585005  0.08004563454364477  0.08782660266096180
  0.09554264317436742  0.10308476825948672  0.11056546826080393  0.11792424768690682
  0.12516416502894046  0.13238975392855881  0.13952784359699738  0.14652092058184871
  0.15353918632651745  0.16049779768458777  0.16735209923428102  0.17416432443349955
  0.18095203504800675  0.18772801642841019  0.19446611747592538  0.20118920535932058
  0.20804267833424181  0.21494821455798593  0.22175083218887012  0.22851173506892342
  0.23526986828553345  0.24204969166619542  0.24888101264269813  0.25573510246726799
  0.26253860391254957  0.26928019740101578  0.27600188660815367  0.28276776321278230
  0.28970215750990669  0.29655525123398557  0.30334603331220461  0.31014571041748101
  0.31686894931260090  0.32365878180876861  0.33060566446420753  0.33765500068832766
  0.34468740649731644  0.35170973245311765  0.35871386293782931  0.36574785220163769
  0.37271336485224038  0.37970388977883646  0.38696553576577425  0.39447086856080649
  0.40189539854510231  0.40931882588201701  0.41687279872101712  0.42438317064439157
  0.43190306906551773  0.43941316004576464  0.44707906085602278  0.45510497167176234
  0.46327058998782894  0.47168245333218412  0.48009244366834858  0.48854677598303264
  0.49710854808403465  0.50576103822425289  0.51442556100993930  0.52326817529954506
  0.53269997291520688  0.54254271824022393  0.55257864560445413  0.56270564547443735
  0.57293449964951104  0.58332570366901171  0.59381697193168281  0.60426315628236615
  0.61558769669330338  0.62754751941193387  0.64038710832766699  0.65397995465929626
  0.66787199730405689  0.68220207931781984  0.69722930270554750  0.71234188061084480
  0.73014139238232600  0.75078131021091021  0.77344401732573909  0.79830205325425274
  0.82660982258346349  0.86309107392804474  0.91758328249791343  1.00000000000000000
 -0.00279782788563886  0.01064243065328160  0.02175792973351604  0.03262949493795611
  0.04348626174526459  0.05373119844244222  0.06399321301433349  0.07330800760804301
  0.08279223992161980  0.09170992930353347  0.10082452277051897  0.11022470276259178
  0.11974298181357972  0.12955810188232672  0.13988737906238038  0.15028996797242070
  0.16088852498714085  0.17131035359240779  0.18179630220781759  0.19207712648217676
  0.20205557690042109  0.21202112040238902  0.22219824466885429  0.23253675647799413
  0.24281977824783257  0.25351396860913006  0.26457369237423151  0.27541357613968720
  0.28563324202775670  0.29591176853933721  0.30671305324714171  0.31750983223544099
  0.32809298043870644  0.33891047406138552  0.35032475437597499  0.36200115257847787
  0.37393946682000390  0.38563107026368998  0.39711731741813860  0.40807582012612487
  0.41851598818474850  0.42851565339592174  0.43821520334052383  0.44811342699627144
  0.45813309432546584  0.46862209829013241  0.47944704041518627  0.49031074496364496
  0.50141543741897487  0.51237275522495451  0.52341367530473659  0.53417315899609730
  0.54484841802775552  0.55567954867806602  0.56619958260669068  0.57702247276195384
  0.58768886254198183  0.59880095225274266  0.60959841327792463  0.62038900964693300
  0.63096957475598880  0.64160686819637358  0.65244520699074604  0.66376344870633164
  0.67514363991719939  0.68655083563756969  0.69718295138272723  0.70746447689154168
  0.71747448066790775  0.72727733000755868  0.73699840973300190  0.74716871673670582
  0.75741235827779863  0.76760501496372047  0.77732572288106427  0.78663774848915569
  0.79615188294449235  0.80578922632062466  0.81587230968251490  0.82649577533835228
  0.83715336161189657  0.84797684692338049  0.85858545650537055  0.86938415057927543
  0.87998375947961660  0.89045591021648518  0.90123256660439488  0.91222701643652104
  0.92312202318070791  0.93356246610869131  0.94400294416768471  0.95503895893754220
  0.96618511629982229  0.97776367549423049  0.98880478736309918  1.00000000000000000
 -0.00261390926370550  0.00976376469230149  0.02044171770972189  0.03156699955615704
  0.04289648599634632  0.05415494525998500  0.06517310145181938  0.07597187016609397
  0.08652963979672891  0.09728558500593962  0.10796123051320969  0.11868669437793727
  0.12973361559104726  0.14069841092242563  0.15109211743941381  0.16107848464700666
  0.17110396372411882  0.18154187808362757  0.19202451450429919  0.20261517392422165
  0.21305700396322758  0.22334286645395626  0.23396712506332440  0.24465167761804049
  0.25519251025026746  0.26526619081912561  0.27582803500941377  0.28686717806055689
  0.29783537363922252  0.30865276662532515  0.31982012860844333  0.33106228359660794
  0.34216274830650556  0.35304449909258834  0.36382519488428594  0.37450819704510374
  0.38496268375989240  0.39510821857929768  0.40483496984614936  0.41435933967499278
  0.42384908281915412  0.43341609180729723  0.44304415361791660  0.45285819699917057
  0.46304377604736879  0.47358551068737798  0.48437177346939664  0.49574692283352279
  0.50735862056551106  0.51899510609432786  0.52907078508203276  0.53903597645360302
  0.54908439142319010  0.55946731783353265  0.56978323187885416  0.57985573486877984
  0.59020083546553526  0.60093041087893306  0.61159802169874200  0.62179051685933440
  0.63155697712378234  0.64108622976828022  0.65085913465868617  0.66111708245688183
  0.67133974184446543  0.68193022234653622  0.69211631059344836  0.70278023294671577
  0.71335730198974323  0.72394723432702279  0.73402673043822475  0.74361174062689672
  0.75317838896472766  0.76290273487359550  0.77265433093628721  0.78234249894320740
  0.79219144283719733  0.80235273261730800  0.81270531266843293  0.82303413009422743
  0.83345903005756783  0.84435473305659825  0.85598294828859345  0.86783489801156288
  0.87928207662542723  0.89007332586018717  0.90064144044873296  0.91073966918189331
  0.92073096017597511  0.93113382819496915  0.94166202100145602  0.95280728728113062
  0.96417059672367023  0.97644497664775232  0.98818403467708504  1.00000000000000000
 -0.00260847859321885  0.01166711559463745  0.02354622441663848  0.03562668757372527
  0.04731648814703122  0.05874135065044955  0.06994121993894299  0.08089591174791415
  0.09158040668866650  0.10194636717751732  0.11220072954679663  0.12244324638271097
  0.13293746308038626  0.14340619114110292  0.15357843088924097  0.16364690050703931
  0.17387621276003029  0.18414580972402445  0.19427723841689670  0.20424131876387369
  0.21454513913741094  0.22487572437857373  0.23472616706876095  0.24519578015603233
  0.25590010750864417  0.26659007753766301  0.27722636915282228  0.28768681920634226
  0.29850794128043773  0.30928163127149527  0.32046936241336665  0.33198621251195726
  0.34306496631315675  0.35393453511728168  0.36445216506873374  0.37479204237752067
  0.38462432878831332  0.39441230461394211  0.40445884011596012  0.41437267007620293
  0.42466862203796163  0.43478926508297777  0.44639399030345323  0.45815679345207766
  0.46925983994505432  0.48007114869609524  0.49086375591939724  0.50175555077670697
  0.51253356994128763  0.52281360792667553  0.53297739549185574  0.54317117934067349
  0.55356769807617323  0.56401701483994615  0.57471571856297099  0.58549143417720773
  0.59674298542236404  0.60770904445136786  0.61851339131013239  0.62913644285134240
  0.63984202560329961  0.65026808559413152  0.66073181536424885  0.67112248943744746
  0.68132251866809834  0.69143789315999804  0.70137961762583678  0.71152738051818643
  0.72197653090960223  0.73257841039076932  0.74316883473413631  0.75376505201129074
  0.76465064620834000  0.77559748574762899  0.78641944937894215  0.79740934871025315
  0.80853641425870004  0.81861773569273488  0.82847815507507305  0.83874738920007352
  0.84925383700895107  0.85873740607109583  0.86778196577436417  0.87742461947900563
  0.88785015140052570  0.89814538909172903  0.90806753645192595  0.91813204858948128
  0.92982397335211475  0.94087432562909690  0.95137403030545287  0.96146616035147214
  0.97158519797925247  0.98164896334554796  0.99095268461490582  1.00000000000000000
 -0.00220568034770690  0.01089494386524329  0.02194668782743069  0.03275872516106718
  0.04342367357476733  0.05436487390789891  0.06503439988949444  0.07531730505677710
  0.08579695364911182  0.09638871210660752  0.10706728172549720  0.11743041463291234
  0.12783832738371317  0.13828582438301051  0.14848220944615287  0.15880248291364579
  0.16898483864418520  0.17950060137972657  0.19009010074283650  0.20120750116043365
  0.21180473059091781  0.22209001870472822  0.23235776251989929  0.24303976651358122
  0.25380451521609826  0.26439478602058414  0.27516838584894099  0.28591712068256209
  0.29656866631721113  0.30693478518531520  0.31719210299847234  0.32755908155499880
  0.33851853146942984  0.35008342751584831  0.36039620492932134  0.37080166983270929
  0.38055564456454344  0.39026615771435963  0.39979062588424985  0.40958282353633119
  0.41980675329586686  0.42987096046257578  0.43977325383026311  0.45039632555465758
  0.46090518771822508  0.47096378634490760  0.48123006664685086  0.49182264980351226
  0.50257815029395070  0.51292185082892983  0.52323847391324596  0.53344494554544197
  0.54370105399141744  0.55395427636771910  0.56417595162669532  0.57468744016912621
  0.58530917196779930  0.59667149545319154  0.60818263511245263  0.62017499047285096
  0.63189946665714847  0.64392315620878460  0.65483165816994415  0.66581997021281458
  0.67579667057329562  0.68605588172232501  0.69585158973237027  0.70588484801765450
  0.71591446101223732  0.72599546297914230  0.73651595703036588  0.74725417146067674
  0.75740303778101814  0.76739294459874585  0.77774528484312988  0.78832207936262100
  0.79857504547859337  0.80870822442366952  0.81937690181140288  0.83114652394496003
  0.84215340264429284  0.85312153928411993  0.86372415127294022  0.87419389303312245
  0.88441837357903996  0.89457180032299533  0.90490911423055476  0.91515054187205624
  0.92559061768882767  0.93579347393768486  0.94625788435727753  0.95696483079116035
  0.96755137378851475  0.97851652478539786  0.98903234566663756  1.00000000000000000
   4.3677772252866059E-034  -1.0000000000000000     
 T T T T F F F F T T T T F F F F
